Person|creationDate
3133346
3134885
3134011
3139727
3131618
3134570
3137539
3139498
3133220
3137818
3136155
3133986
3134410
3132155
3136638
3137029
3131460
3139011
3139502
3139405
3135444
3134090
3136338
3133382
3131979
3139865
3138152
3136040
3139334
3132359
3133374
3135437
3135868
3133408
3136927
3138979
3135810
3137798
3139113
3137489
3135768
3137495
3139240
3136498
3136861
3138110
3131932
3134889
3136488
3140028
3139576
3139675
3139526
3140175
3134736
3133353
3138130
3134948
3138440
3134979
3141008
3140123
3140519
3141182
3133831
3137891
3139477
3134650
3132081
3139352
3133671
3132720
3131395
3138029
3134080
3135208
3138049
3138181
3139536
3132543
3138998
3135462
3140137
3135139
3137842
3131912
3134169
3135502
3138071
3138949
3132730
3139870
3135177
3134965
3141019
3132210
3132110
3136412
3132600
3134711
3134805
3138900
3133362
3139817
3140885
3136741
3140321
3134605
3135436
3138120
3136671
3134368
3136455
3139359
3138290
3135257
3133533
3132470
3141014
3134123
3131553
3139930
3135226
3133983
3137221
3131636
3138931
3134701
3133724
3137614
3134790
3138732
3134903
3137380
3135275
3140608
3139660
3137076
3133856
3140719
3140749
3135371
3141313
3140259
3140296
3135260
3141004
3136904
3134983
3139988
3140399
3136611
3132166
3132061
3140708
3132670
3131729
3138867
3136564
3135656
3131629
3135889
3133776
3140967
3137045
3137544
3133733
3140847
3137710
3139119
3135004
3135692
3135100
3132641
3138016
3132382
3133712
3139578
3138101
3134227
3134004
3137839
3139508
3132128
3132308
3135818
3134753
3135610
3135991
3132278
3139136
3139621
3136624
3133848
3132108
3140481
3135647
3135363
3137118
3141052
3132404
3132406
3135658
3131446
3140586
3139090
3135780
3132889
3139761
3135750
3134620
3138195
3137089
3132168
3137259
3139838
3137197
3134449
3139051
3141337
3135293
3138262
3138467
3140620
3141060
3139118
3137127
3140839
3138827
3140700
3136019
3138598
3137779
3137833
3136457
3137268
3133971
3138025
3139150
3138907
3133527
3134995
3136976
3132133
3139642
3136061
3139652
3134218
3134552
3138435
3133528
3139009
3141064
3138164
3139457
3140196
3134741
3135621
3141355
3137911
3137121
3138074
3138952
3137893
3133190
3134066
3131722
3133860
3131535
3135997
3133541
3138322
3140136
3137898
3136264
3140066
3137840
3137524
3131566
3135790
3136406
3139864
3133120
3138309
3137226
3131556
3141062
3137346
3139656
3136665
3131424
3134448
3133865
3132755
3135344
3136505
3132828
3133043
3140699
3135880
3137363
3136337
3137549
3136168
3131852
3139282
3139301
3140129
3138644
3139773
3134856
3132800
3133172
3137425
3140400
3134959
3139396
3139092
3131706
3140263
3133902
3134862
3137808
3132354
3140881
3134092
3139010
3139905
3138741
3136828
3137667
3134984
3132092
3138346
3139810
3135609
3136208
3141190
3135256
3135866
3136880
3133441
3136930
3132701
3137251
3135859
3136554
3140805
3135060
3139590
3137345
3133975
3134826
3134055
3136378
3134130
3139255
3138168
3135038
3134657
3140409
3132569
3132583
3135447
3139849
3131763
3135979
3136273
3131988
3141020
3131473
3134659
3134258
3140204
3134792
3140562
3134503
3137316
3139424
3138984
3131607
3140231
3141107
3137064
3134788
3133921
3134677
3135247
3136069
3135735
3136368
3135285
3139566
3136266
3134245
3138082
3131689
3136166
3140340
3133609
3134415
3132556
3137936
3139374
3137592
3140333
3135310
3136894
3137305
3139928
3136460
3139931
3134793
3140098
3139400
3132502
3134572
3132964
3137510
3135651
3132603
3139430
3136852
3132064
3141375
3139530
3139421
3137211
3138738
3135664
3132458
3136458
3135248
3135173
3137339
3138149
3136088
3140157
3132449
3134147
3133129
3139799
3138853
3135584
3140167
3131558
3131910
3139305
3137655
3133788
3136090
3133904
3134234
3134162
3133734
3134024
3134116
3139989
3135430
3136182
3132302
3134002
3136081
3133922
3134423
3138058
3131902
3135336
3140973
3131512
3139249
3131530
3138283
3131543
3132558
3132857
3136974
3135106
3132646
3135508
3140667
3139289
3135523
3137406
3138846
3131593
3140601
3135550
3133578
3133275
3134996
3140415
3131400
3139309
3140335
3139582
3140557
3138667
3135595
3138097
3139944
3141083
3133426
3133022
3132955
3135288
3141117
3137442
3136843
3136291
3136160
3136362
3135847
3138085
3131630
3137120
3131742
3135551
3133111
3140201
3140370
3134722
3135896
3133956
3136655
3131549
3136331
3133568
3137814
3137057
3136832
3133590
3140505
3137601
3137825
3134087
3136050
3139933
3138059
3134103
3131505
3138888
3138191
3140824
3140154
3140228
3132010
3139220
3139819
3136051
3134481
3134401
3136912
3140377
3138965
3131486
3132203
3139836
3138124
3134309
3141048
3131516
3138205
3135414
3132120
3135102
3135385
3136713
3138589
3133768
3139141
3131901
3140894
3131944
3140166
3140889
3134233
3135022
3140829
3135906
3133874
3138165
3133360
3131487
3136785
3133775
3135463
3138502
3140581
3135579
3136804
3138480
3139998
3136002
3138475
3140683
3139428
3131899
3131802
3135342
3140315
3136468
3138759
3139130
3135575
3141269
3134970
3139534
3132974
3137163
3132804
3139856
3140477
3140359
3140019
3139792
3137102
3135043
3138628
3139193
3132996
3138872
3137362
3133383
3132248
3137255
3136897
3139008
3137202
3139479
3139108
3136992
3138270
3134835
3140668
3136428
3135282
3137177
3135117
3136875
3135324
3134462
3136820
3133674
3133273
3133709
3133312
3137678
3140826
3140816
3131565
3136364
3135340
3136461
3131767
3139607
3139766
3134149
3136792
3133959
3141209
3140987
3133642
3138981
3137656
3139167
3135104
3135465
3136858
3132307
3135557
3132991
3132482
3134994
3137665
3136240
3134589
3132102
3141239
3134773
3134154
3138616
3133254
3140692
3133057
3134373
3137668
3138758
3139824
3132190
3138285
3138399
3135700
3134140
3137977
3135365
3136920
3136083
3134943
3132438
3138491
3139911
3140064
3136857
3135975
3134747
3133883
3136971
3140221
3138122
3139356
3134241
3137141
3134435
3139551
3137954
3132574
3134146
3134101
3138302
3131985
3138370
3132554
3139324
3132306
3139043
3133718
3135992
3133056
3135661
3134840
3139694
3135559
3138239
3140112
3134291
3134735
3135201
3136493
3138054
3140375
3138193
3137470
3136247
3138436
3139308
3131838
3135506
3139250
3132324
3140460
3132975
3131895
3132328
3136417
3132343
3133664
3132947
3139962
3131420
3134394
3138547
3137216
3132033
3131447
3137564
3131658
3133171
3139342
3139462
3134465
3140260
3135303
3132885
3140480
3138815
3134932
3131881
3133972
3136585
3139099
3134419
3137832
3137661
3138477
3133510
3135844
3132261
3138284
3132912
3138023
3136502
3138147
3136354
3139721
3133719
3136063
3136902
3132697
3138901
3138898
3136516
3135081
3133400
3136245
3136246
3134403
3138119
3139041
3133723
3133257
3133196
3132176
3137422
3136065
3136055
3138494
3139074
3135009
3134550
3138581
3139311
3140440
3132058
3139035
3139785
3137069
3134795
3134400
3136419
3137080
3141058
3133263
3138428
3138833
3132606
3131666
3135025
3134673
3139178
3135993
3132433
3134179
3133693
3140312
3134588
3132144
3135441
3139312
3140739
3132734
3138486
3139764
3135017
3135176
3133577
3134286
3131468
3134949
3139180
3140498
3138744
3135420
3141363
3135537
3139294
3139730
3135622
3139903
3138968
3136941
3133588
3139774
3137246
3136211
3139212
3139047
3138943
3134484
3133522
3139376
3136872
3134554
3134182
3134717
3131743
3139442
3135075
3137745
3138878
3140596
3137859
3132378
3139058
3136201
3136267
3134308
3135315
3134030
3135524
3133008
3133266
3136985
3134267
3139794
3133075
3132789
3134053
3133460
3134396
3140753
3133023
3138169
3139692
3138523
3140527
3138380
3139855
3140969
3139496
3140337
3135221
3138219
3131694
3133282
3137575
3136318
3132409
3132430
3140022
3134425
3134102
3131546
3136386
3134213
3138596
3131958
3134621
3140108
3133530
3133790
3135432
3134639
3132091
3140074
3140853
3132611
3131596
3134486
3138249
3139833
3133628
3136899
3131916
3131493
3132936
3138711
3139564
3134563
3137554
3140161
3134427
3133231
3137914
3137599
3136896
3134485
3141103
3132439
3137012
3132602
3140610
3137208
3132472
3139419
3132820
3137696
3140588
3132147
3131644
3136228
3134068
3131520
3132415
3139797
3139069
3132909
3133377
3133753
3133596
3135469
3137871
3137631
3134942
3136967
3133415
3132660
3132431
3131831
3135699
3135449
3134933
3131455
3138187
3137676
3140181
3131823
3132745
3132040
3135637
3132825
3132931
3136688
3136913
3134271
3134477
3136104
3139452
3137055
3139300
3132469
3134686
3137985
3131962
3140927
3140171
3138038
3136950
3134037
3139693
3135146
3133131
3133139
3137142
3136915
3136005
3138107
3132536
3131851
3137423
3136175
3133990
3133517
3133924
3133089
3134998
3133283
3140094
3135350
3132882
3138514
3132973
3138613
3133342
3133082
3141224
3132571
3139467
3135998
3132419
3136472
3136548
3134319
3132444
3139004
3138592
3131704
3132350
3132711
3136826
3137907
3137209
3136181
3133076
3136017
3133854
3137563
3136377
3138170
3133654
3135035
3135236
3131905
3138307
3133138
3140661
3135012
3140992
3136728
3132839
3137736
3134192
3133249
3136996
3133991
3140493
3140405
3136810
3140718
3141335
3141134
3139948
3141094
3131789
3133070
3138367
3137946
3134765
3137318
3139253
3137440
3137625
3132310
3135973
3132807
3140647
3133180
3133209
3138325
3135215
3131684
3137702
3132496
3133234
3139695
3138991
3138712
3132842
3134083
3140540
3133760
3134918
3132954
3132344
3137446
3132930
3133999
3131753
3135779
3139314
3132921
3133754
3140616
3132319
3135792
3138973
3140187
3139946
3132075
3138549
3140802
3139775
3137815
3140919
3139834
3136695
3140159
3133119
3132620
3136712
3138499
3140417
3134800
3137762
3134434
3136696
3136691
3132663
3132829
3138768
3133005
3131495
3131540
3133502
3140111
3134276
3134321
3132601
3134811
3133832
3133025
3131465
3131614
3133287
3132172
3136677
3139290
3138095
3136057
3134243
3135278
3136689
3131826
3141237
3137906
3138013
3134155
3138109
3131638
3137421
3140506
3137116
3140693
3133151
3132775
3133343
3134370
3138935
3134879
3141329
3131869
3135200
3131954
3137447
3141097
3132877
3135862
3139893
3135270
3139341
3140582
3135819
3137315
3132072
3134952
3133916
3138047
3131475
3140618
3133003
3134225
3137400
3140410
3135681
3140091
3134026
3136825
3137138
3139738
3140575
3135727
3139505
3137958
3137607
3140001
3138113
3138826
3139151
3137746
3138625
3138468
3133880
3141136
3138294
3138520
3136889
3141319
3134344
3139185
3133762
3137760
3139515
3133529
3136779
3132085
3139623
3133585
3135191
3136717
3136194
3140371
3133476
3135132
3139600
3135837
3131550
3135250
3136871
3139401
3137026
3137686
3135374
3131871
3137224
3140537
3134362
3138657
3135571
3139062
3137087
3133580
3132740
3132610
3133842
3132577
3138348
3136013
3136481
3137307
3133464
3134464
3134440
3135576
3133301
3132661
3137868
3138447
3135110
3134738
3132140
3136043
3132113
3135095
3134689
3136754
3135263
3138133
3133907
3132637
3134547
3138374
3131937
3137428
3136926
3138401
3131643
3135403
3133173
3134939
3138202
3138814
3136589
3137143
3139295
3131506
3137975
3139507
3138046
3137457
3138918
3134310
3136250
3133371
3140358
3139561
3140213
3134915
3135235
3134325
3132674
3140594
3131674
3137182
3136414
3133322
3132451
3138306
3137114
3141130
3139995
3136036
3135808
3140811
3137016
3140257
3136073
3140059
3136981
3136801
3134424
3136146
3137219
3139385
3131981
3139873
3132886
3135972
3132182
3138920
3138456
3133791
3140289
3138978
3140918
3135754
3136821
3136410
3132718
3135214
3136400
3135530
3141036
3139549
3137653
3140843
3133847
3141157
3132418
3132703
3138134
3140501
3136272
3133784
3139826
3136289
3135881
3136809
3136663
3133785
3133650
3131574
3135710
3137409
3134923
3132501
3139772
3139669
3140049
3133284
3138256
3136405
3135280
3140759
3134739
3133649
3133851
3136484
3139444
3141100
3140220
3135245
3139304
3140278
3134888
3136307
3135335
3135040
3137002
3139570
3139709
3135294
3138105
3137509
3134430
3140433
3134348
3138857
3141227
3137849
3133783
3141079
3140470
3135328
3134062
3139459
3132450
3135593
3138614
3141359
3134278
3131481
3131599
3132459
3139554
3132466
3135164
3135453
3133414
3132311
3138293
3134161
3139540
3137860
3137863
3132008
3137395
3132284
3137716
3141235
3138944
3137334
3137386
3134098
3138772
3136447
3133133
3135479
3140944
3136203
3135944
3138655
3140135
3133545
3140002
3139929
3136766
3137972
3132835
3140784
3139063
3134255
3135535
3134964
3138564
3140232
3132206
3138548
3133603
3132062
3133290
3135435
3134337
3138388
3139189
3139867
3137603
3134668
3134495
3133483
3138135
3137499
3134054
3132053
3131987
3135345
3140282
3134766
3134940
3136138
3133811
3135567
3137734
3138963
3140210
3132375
3137953
3140728
3136376
3131398
3140555
3134522
3132648
3132671
3138446
3141277
3139482
3133372
3133606
3136279
3138495
3140793
3136949
3134399
3138316
3136072
3139370
3133193
3138832
3139053
3139265
3132763
3132414
3136918
3135536
3133457
3133337
3132675
3133504
3137767
3134240
3140192
3132546
3139351
3135333
3141248
3141198
3132400
3140893
3139512
3138218
3131645
3134170
3136723
3136698
3134749
3138118
3140846
3133982
3132277
3141089
3137991
3135491
3137278
3133561
3132086
3139688
3134509
3135032
3136128
3138561
3140662
3131850
3136298
3132498
3137528
3133808
3134417
3140803
3139580
3136154
3137100
3136276
3138786
3136984
3135908
3132922
3138823
3137006
3141140
3132759
3133152
3140038
3136465
3137311
3134823
3134590
3134894
3133258
3137310
3137123
3136933
3135128
3139068
3138075
3138905
3133444
3131897
3132154
3135307
3138011
3140071
3140077
3139976
3135730
3140814
3140003
3133739
3133852
3139917
3136176
3133637
3137378
3137335
3141340
3136943
3139795
3139131
3140579
3135518
3139065
3137582
3132709
3135775
3133229
3136499
3139677
3136835
3133030
3135153
3133930
3137718
3137403
3132152
3136524
3133458
3134651
3137610
3138286
3135207
3134489
3140273
3140288
3136437
3135827
3138225
3132298
3141316
3132151
3136253
3135026
3133715
3133334
3140975
3141101
3139756
3140945
3141007
3138532
3134825
3141236
3141091
3134771
3134945
3136293
3141309
3139093
3135227
3133818
3132066
3136906
3134567
3137622
3135142
3132410
3136659
3138863
3132448
3137795
3131760
3133889
3132738
3141090
3134132
3132100
3139680
3135353
3134610
3131833
3133732
3138609
3133662
3131680
3136206
3133839
3131712
3139389
3139358
3137252
3134921
3135343
3133368
3136038
3139555
3138051
3136114
3136942
3133204
3133289
3134469
3132213
3141213
3134148
3136216
3132908
3137193
3135080
3140892
3133942
3132349
3136135
3132462
3133387
3135935
3131571
3139541
3131714
3139299
3133741
3134317
3131699
3138140
3141154
3138254
3134535
3139078
3136101
3140574
3141126
3134478
3137349
3135368
3140252
3134680
3136098
3132371
3138717
3136538
3136383
3139350
3139425
3138640
3139953
3139242
3140276
3134077
3141159
3131466
3140423
3135273
3140688
3135756
3134395
3136853
3140303
3138936
3131428
3139722
3141310
3140015
3135815
3137883
3135795
3140745
3131422
3133448
3139706
3136295
3139822
3134591
3135423
3135408
3132260
3137008
3138698
3137593
3140984
3131667
3137017
3131685
3135511
3140905
3134070
3136797
3135439
3132879
3136542
3136993
3137498
3141185
3139244
3137609
3133988
3139718
3140768
3135821
3131819
3136187
3132731
3137263
3138971
3132299
3134191
3132001
3138924
3140115
3133903
3132490
3131526
3134652
3138654
3136559
3140649
3138343
3131936
3139975
3132896
3139971
3132028
3135433
3131922
3133345
3138209
3132254
3134624
3133174
3138371
3133912
3134128
3135470
3140211
3133378
3133947
3134079
3137004
3140435
3131500
3139317
3138509
3140735
3139737
3137445
3131577
3132977
3136261
3138357
3135751
3135845
3135472
3140634
3139497
3138529
3135801
3132130
3141259
3133349
3138634
3135283
3132020
3134418
3141341
3131825
3140959
3137639
3132159
3138009
3138871
3141191
3139390
3134886
3136124
3132567
3138237
3132447
3135349
3135752
3140012
3134428
3135940
3138439
3136684
3140379
3136598
3131657
3137861
3133061
3133490
3136719
3133682
3138847
3136408
3133538
3138899
3139595
3138538
3140670
3137115
3136725
3138236
3136389
3138353
3137160
3140407
3137487
3134775
3134527
3135749
3136145
3134297
3132788
3137748
3135198
3131575
3131617
3139922
3138183
3141046
3140532
3136118
3139379
3139388
3136008
3134844
3133459
3138350
3132746
3139883
3140912
3132118
3137302
3133863
3138590
3133381
3131920
3139806
3140556
3138766
3134569
3139456
3139866
3137341
3132736
3133017
3141042
3139190
3133635
3137976
3134141
3132997
3140998
3135428
3133143
3138323
3140559
3139483
3140965
3138844
3140856
3134303
3135708
3133542
3133470
3138443
3135540
3133742
3140277
3138127
3133050
3140598
3140239
3133019
3139974
3138345
3139327
3138027
3139852
3134185
3138304
3133148
3138123
3139959
3136693
3136892
3139616
3134443
3133338
3139936
3140010
3139406
3138014
3133059
3135295
3133489
3137059
3131409
3137338
3131417
3133925
3132644
3133178
3132220
3132342
3138873
3133619
3134256
3139918
3139743
3135514
3136222
3136034
3140459
3140084
3137903
3132374
3137654
3137165
3132230
3132115
3132621
3139339
3137357
3138241
3137167
3139610
3132520
3136839
3136528
3135093
3135654
3137538
3132640
3131399
3137367
3132617
3134649
3136286
3137570
3138349
3131696
3140884
3137735
3135711
3133158
3141348
3135366
3131759
3137352
3135596
3138298
3137857
3137766
3139328
3139997
3131450
3133480
3139698
3140678
3137643
3138929
3133958
3136956
3136987
3132481
3135330
3133669
3141160
3133086
3137139
3133604
3137500
3133423
3133799
3134468
3138825
3137348
3139007
3132167
3140176
3140173
3132236
3138879
3137424
3132537
3135607
3140032
3140570
3136660
3134839
3134115
3133264
3133833
3133914
3140125
3134312
3135855
3141139
3139095
3136560
3134757
3135190
3137732
3132978
3137984
3139744
3141016
3133102
3133928
3138189
3139316
3140838
3132690
3133613
3132412
3140341
3131632
3133021
3140124
3132643
3141173
3131968
3140698
3139573
3131587
3132871
3135907
3134904
3136054
3131421
3139279
3141219
3137844
3134498
3136932
3141098
3135029
3132202
3135262
3135870
3138632
3140285
3140836
3136249
3134143
3138420
3139672
3136613
3135630
3132511
3135807
3139696
3133485
3134781
3141251
3133417
3132379
3140864
3140293
3133081
3132285
3137769
3139080
3140971
3135401
3140888
3135431
3135713
3137651
3131730
3136616
3136260
3136232
3139591
3137951
3137460
3139087
3132403
3138987
3135623
3140465
3141022
3131889
3134967
3135921
3140962
3141009
3134441
3137523
3136928
3138017
3139458
3133367
3133949
3136900
3135851
3137350
3137691
3131709
3136227
3132281
3135109
3134577
3135950
3136847
3135067
3131725
3139445
3139025
3136048
3134574
3134414
3138810
3140487
3131771
3137344
3139902
3141167
3141030
3133965
3138700
3138422
3133117
3134728
3138295
3131451
3140835
3136816
3137330
3134962
3136226
3133953
3140750
3141336
3137738
3139274
3140810
3132935
3140773
3138329
3141321
3131521
3135475
3137392
3140025
3139072
3135224
3139882
3138851
3139122
3139661
3136919
3138777
3135803
3132607
3135755
3134873
3133248
3133064
3134989
3139604
3139120
3135375
3140986
3138145
3136661
3139869
3139291
3134999
3132429
3133794
3132939
3134842
3138975
3136095
3136030
3134630
3139322
3138503
3138533
3138128
3141214
3133913
3134597
3139581
3132023
3131773
3134816
3138339
3134034
3140523
3131903
3140294
3131488
3140466
3136113
3140538
3139251
3133453
3137959
3135339
3134117
3139158
3136391
3140475
3140604
3134305
3131687
3132594
3132910
3135635
3137030
3137407
3136519
3139914
3137811
3136119
3131537
3136336
3132276
3135512
3136149
3131547
3136322
3133214
3140655
3132258
3141315
3140511
3132043
3140421
3140328
3140599
3132218
3134836
3137846
3140109
3141218
3132196
3134307
3131777
3131824
3139168
3132657
3137161
3137038
3138398
3140704
3131989
3138558
3139333
3134202
3134843
3141234
3136739
3133239
3135090
3133559
3141372
3132183
3132099
3141222
3133644
3135320
3134576
3139124
3138880
3134074
3139519
3135909
3139828
3140451
3133442
3134363
3138005
3141012
3139201
3139633
3134559
3138359
3136007
3131492
3140777
3134820
3138877
3140702
3139684
3134050
3141307
3131527
3140930
3140500
3132926
3136299
3139441
3132063
3133391
3139588
3132294
3133656
3137530
3132004
3136230
3136628
3134411
3132853
3138253
3140497
3136328
3140509
3140320
3139793
3137545
3140461
3139463
3135914
3140516
3132426
3135039
3132363
3134460
3138158
3139731
3139133
3137431
3138015
3141202
3140871
3137416
3133272
3137990
3135077
3138087
3133211
3139222
3133701
3137222
3140209
3139219
3141270
3140330
3138666
3136199
3136021
3135778
3133450
3133707
3139504
3136333
3138600
3134126
3141350
3139587
3139367
3140229
3136823
3140378
3140095
3133179
3134665
3134946
3137513
3131835
3132036
3136566
3140401
3135055
3135585
3132460
3132097
3133515
3132609
3137260
3131640
3139753
3139612
3134072
3131998
3139144
3139083
3137468
3132000
3139789
3135168
3137770
3138567
3132929
3139618
3131955
3134032
3136093
3134679
3133772
3136571
3140463
3135796
3136324
3139787
3141177
3139906
3139260
3138524
3137366
3138379
3137600
3138946
3140494
3137942
3137690
3137110
3132388
3140158
3134446
3137458
3141037
3139054
3136485
3137596
3137978
3140336
3137514
3139149
3137301
3140075
3139577
3139036
3134901
3139765
3131620
3131970
3131793
3138423
3136683
3140561
3133806
3135101
3131509
3135062
3141284
3133411
3139942
3140859
3132392
3132845
3138757
3132435
3138690
3137663
3140897
3137672
3137351
3133621
3134099
3133428
3138697
3136125
3135806
3139517
3136879
3140143
3137637
3131940
3138682
3133496
3134086
3140671
3134091
3131748
3138154
3139723
3131942
3137384
3135189
3133837
3132542
3136980
3137217
3136503
3137449
3133291
3140222
3137135
3139509
3138479
3135910
3138174
3135934
3134602
3133341
3137571
3131453
3136558
3140492
3141057
3132373
3138142
3131995
3131507
3133462
3136177
3138084
3137590
3134833
3136901
3139330
3140748
3134615
3140301
3136738
3139269
3137218
3137793
3136444
3137733
3136110
3137210
3134015
3132488
3141118
3135196
3133632
3135193
3131650
3136884
3133844
3138320
3135532
3134578
3138947
3132002
3139757
3135874
3138138
3131836
3138083
3134221
3132806
3133217
3137717
3141362
3135261
3135033
3133954
3135175
3133610
3140092
3138355
3140352
3139681
3138811
3135809
3137698
3133597
3140567
3140652
3138217
3134908
3132627
3133798
3135869
3134814
3134389
3138950
3132282
3131971
3140467
3139575
3133038
3133007
3140635
3135665
3132843
3133278
3138983
3137061
3138179
3133647
3134331
3134353
3134696
3135421
3135922
3139169
3131947
3132376
3136137
3140011
3140334
3140009
3135538
3138913
3137106
3132906
3138008
3140981
3135636
3140325
3135217
3131601
3139246
3137358
3138056
3135631
3134531
3134910
3141252
3132666
3132649
3131847
3139861
3136774
3132940
3138490
3136044
3137708
3140903
3140857
3140307
3141109
3131463
3133164
3138000
3132164
3137941
3136244
3135722
3138674
3139440
3139033
3133587
3135230
3134541
3136600
3134005
3135481
3141045
3137792
3140731
3141374
3138932
3134402
3138831
3138780
3138240
3135655
3139273
3133445
3133871
3134938
3138184
3136936
3132241
3136998
3137212
3132050
3133963
3135103
3134786
3134891
3138671
3135739
3133602
3133468
3133688
3137937
3139874
3135499
3140578
3131642
3136031
3140901
3133836
3131503
3139871
3135237
3140383
3133643
3139337
3137705
3137606
3134518
3135210
3138885
3140878
3135267
3136041
3135882
3138050
3137519
3131798
3133534
3140295
3138344
3140268
3132942
3138126
3136130
3136850
3132185
3137145
3135674
3136345
3134366
3141292
3140471
3140364
3137444
3137379
3133176
3140875
3131841
3135483
3133551
3140707
3131765
3133447
3139046
3140963
3140626
3137375
3138568
3136983
3140782
3135534
3135376
3140226
3135588
3139499
3140630
3134261
3135634
3138022
3135152
3140266
3133967
3138310
3133946
3139329
3135642
3139813
3135546
3140117
3131803
3131542
3135539
3140128
3133294
3138121
3132847
3136464
3138448
3131782
3137904
3133384
3138884
3139748
3134682
3139262
3140840
3141143
3134000
3131972
3131519
3134249
3136703
3138651
3133807
3134712
3139331
3132990
3131700
3138869
3134549
3140697
3137943
3141194
3132645
3139165
3132009
3141162
3133016
3135814
3140362
3132259
3141053
3135726
3132395
3140382
3140275
3138474
3139630
3133181
3139368
3132065
3140566
3139183
3134365
3141054
3132691
3139104
3133968
3131915
3134139
3139397
3136380
3139510
3132685
3137847
3138351
3138273
3132630
3140247
3139758
3136953
3131883
3137559
3139831
3139027
3131864
3132862
3139732
3141226
3131827
3134385
3134493
3141201
3133421
3140645
3134832
3135452
3136700
3140236
3134911
3132125
3140243
3133104
3133728
3132721
3132201
3137515
3139546
3137154
3135049
3141050
3136531
3136361
3131494
3136584
3133416
3136888
3133915
3133519
3140983
3131859
3134693
3132296
3132106
3135602
3138185
3133716
3136500
3133375
3136413
3133452
3141059
3133359
3139315
3140034
3135015
3134158
3134635
3141228
3138723
3137520
3133869
3137454
3138583
3135329
3132413
3135919
3138934
3139830
3139990
3132326
3136440
3139593
3139609
3137200
3134354
3138053
3135358
3136255
3135068
3135505
3132605
3132625
3138755
3135587
3132612
3139266
3134763
3133618
3135652
3141345
3141344
3140868
3132971
3134488
3133153
3137888
3138769
3135018
3138969
3135415
3131761
3136931
3139916
3132768
3132635
3140553
3139710
3134133
3139631
3137071
3133276
3135789
3136454
3133027
3134479
3139823
3134047
3135798
3132060
3134690
3135948
3140906
3135087
3136231
3140898
3138517
3137635
3138347
3132981
3132251
3131938
3137220
3134455
3133203
3134756
3132815
3131511
3135525
3133962
3138163
3135321
3132362
3138961
3140533
3134853
3131647
3135119
3132552
3138812
3132938
3137534
3138748
3133498
3133830
3140051
3136287
3134203
3137207
3136972
3131403
3133454
3138889
3133198
3131790
3134718
3135981
3140164
3136438
3135720
3133672
3139707
3141156
3131924
3137778
3135691
3134745
3134729
3137477
3132780
3140029
3136806
3141088
3137562
3136092
3140955
3137810
3133126
3134250
3131755
3140142
3133395
3133950
3132300
3139615
3134480
3141116
3137725
3132979
3141364
3135672
3132153
3137547
3136629
3138086
3135011
3138052
3137642
3134009
3132275
3132682
3135014
3133569
3136863
3135056
3139229
3135178
3141161
3133186
3139257
3131735
3132628
3134860
3132446
3138818
3136234
3137507
3138752
3136263
3134184
3139073
3134607
3138643
3133390
3135058
3139611
3131648
3133232
3135485
3137140
3137411
3141073
3132169
3131555
3139886
3139907
3131928
3137616
3139606
3132547
3137188
3132238
3135459
3132317
3137611
3137707
3136599
3137324
3139896
3134976
3132364
3131564
3133823
3135381
3134031
3134613
3136193
3138760
3134041
3138201
3131528
3141061
3140246
3135977
3135911
3136604
3141172
3133277
3136471
3137956
3136085
3139362
3133779
3139487
3139449
3140126
3140385
3135817
3131449
3140249
3140116
3133713
3131781
3132141
3133491
3132678
3134217
3134553
3138269
3140384
3138910
3135008
3131476
3139134
3139547
3137148
3138566
3137771
3134064
3139116
3132243
3140937
3138735
3134194
3136308
3134429
3136557
3134571
3131913
3141075
3140376
3136430
3138131
3138432
3133931
3136111
3136390
3132544
3139320
3132454
3132876
3133940
3132582
3136605
3132370
3134785
3134320
3138730
3141333
3135912
3140837
3139875
3137650
3132265
3132333
3136262
3138470
3138069
3132067
3134752
3133200
3136733
3139302
3138637
3138552
3138720
3136732
3139002
3140904
3134787
3139904
3140258
3138258
3140452
3136958
3132253
3134972
3134672
3134341
3139713
3140746
3136157
3132070
3132039
3136015
3138530
3134821
3140627
3134670
3139961
3139225
3132232
3134432
3133410
3132791
3131623
3137988
3141303
3139910
3139651
3135454
3139697
3141074
3131794
3137402
3135486
3132713
3133858
3133308
3138976
3139256
3137918
3131525
3131949
3139628
3136190
3139664
3140834
3131554
3136681
3133668
3139574
3133899
3137240
3140921
3131478
3132890
3137238
3134725
3141373
3132114
3133512
3132837
3139993
3134864
3132313
3134955
3136221
3135918
3137354
3140464
3141279
3133137
3139827
3140866
3131673
3133147
3138296
3136207
3138464
3134338
3134058
3134222
3133717
3137890
3131886
3133703
3140514
3137998
3137919
3139332
3139617
3133998
3131960
3132523
3140478
3139685
3137615
3137781
3140148
3138425
3136327
3139223
3138176
3137929
3140488
3135556
3131885
3137804
3141125
3132941
3133681
3132194
3138718
3131533
3140781
3136580
3131718
3137481
3141040
3131724
3136771
3131401
3140545
3138964
3141155
3137323
3140788
3134633
3134459
3141229
3139017
3138740
3136590
3141265
3133809
3134360
3137662
3141216
3135232
3134065
3134038
3139624
3137285
3136652
3133213
3140450
3134880
3138040
3136568
3140374
3141138
3141349
3133801
3132608
3132946
3141217
3135707
3138781
3132750
3131801
3135583
3133873
3133845
3139491
3133846
3131894
3132214
3132442
3139945
3133554
3140518
3139443
3138297
3134491
3139439
3132802
3138706
3137742
3135393
3134215
3135533
3131429
3137948
3136822
3134228
3133247
3140185
3135246
3131661
3135861
3133014
3133740
3140055
3137727
3135461
3137536
3132057
3135042
3137051
3136658
3140710
3132312
3132170
3135027
3131951
3141287
3140080
3134195
3132280
3141084
3139860
3132055
3134658
3132493
3131907
3136708
3133810
3140681
3135718
3133497
3140040
3138577
3139056
3135772
3132753
3133112
3133175
3135732
3140623
3138604
3134029
3138734
3136710
3138473
3135123
3140491
3137430
3137553
3134269
3134581
3134715
3132508
3133658
3137739
3135766
3140510
3133985
3131873
3137886
3132031
3140024
3139558
3134566
3138403
3131857
3139153
3132104
3135717
3141002
3135264
3138761
3132223
3131734
3139749
3132321
3131458
3136210
3134473
3140079
3141189
3132334
3141076
3138746
3138311
3139701
3139550
3141302
3134985
3140279
3136360
3137111
3135097
3133503
3132659
3137039
3136938
3135154
3134294
3139760
3136679
3139625
3140650
3136311
3132397
3138605
3139490
3135696
3136197
3132814
3138925
3136449
3140648
3134586
3135492
3134758
3141206
3134006
3140595
3133379
3136452
3136122
3132193
3131524
3138737
3134548
3135930
3132715
3140640
3135715
3135994
3140539
3132590
3131867
3140151
3131552
3141033
3135180
3138030
3137773
3137317
3134692
3136476
3133675
3141361
3138710
3138645
3132733
3135149
3135219
3139349
3131939
3132917
3140448
3139448
3135089
3136910
3137192
3140764
3139386
3136167
3138966
3133987
3133816
3132007
3131967
3139897
3132473
3136075
3133373
3140550
3138327
3131860
3138300
3135269
3131830
3135120
3139298
3135187
3132162
3138956
3140520
3133184
3136690
3132787
3133952
3136783
3137333
3133216
3133926
3139872
3132491
3139562
3131510
3139724
3138282
3131738
3140799
3138722
3138948
3134759
3137327
3136117
3140672
3132494
3135884
3137382
3139174
3139203
3135412
3133699
3131919
3132322
3139932
3132723
3137551
3135586
3132022
3137969
3134900
3139164
3139735
3139373
3131497
3133431
3134374
3131482
3136136
3140436
3140484
3139800
3133894
3139287
3134551
3137938
3132126
3133183
3136158
3139474
3136856
3140168
3134877
3134991
3135098
3139030
3132712
3133849
3134751
3137101
3137709
3132318
3135832
3136549
3132076
3136288
3137492
3139114
3137583
3132217
3140208
3138408
3133049
3131812
3134791
3132052
3134111
3132642
3133677
3135000
3135746
3140225
3140931
3131426
3140576
3136112
3138865
3140182
3138779
3134799
3138232
3136742
3136315
3134916
3137550
3139232
3136627
3139747
3137343
3136283
3137063
3133090
3138804
3133484
3138259
3138792
3133222
3132692
3133235
3133750
3131731
3133472
3133875
3133105
3137649
3138972
3135516
3132292
3141035
3131589
3136450
3133678
3132024
3138512
3134676
3134957
3136120
3134961
3132881
3133074
3138208
3131917
3132087
3135165
3131559
3134637
3132017
3131805
3134138
3132904
3136164
3137776
3137837
3131412
3133020
3132455
3137269
3139994
3137764
3139034
3135160
3131660
3140972
3138534
3133759
3138143
3137225
3133356
3134263
3137322
3132758
3132598
3141221
3137397
3135458
3140548
3139846
3133665
3133890
3139750
3132452
3139970
3132463
3135521
3132717
3135787
3137194
3138278
3141366
3133201
3135325
3135417
3133451
3132360
3137187
3137945
3140393
3137372
3136846
3135386
3136097
3138078
3133929
3139106
3134504
3136404
3134868
3139061
3137826
3134947
3137896
3141179
3137022
3136615
3136214
3134284
3138615
3133819
3132525
3140780
3137456
3139470
3138753
3133474
3132119
3141225
3139643
3134248
3132320
3133230
3135211
3131461
3136751
3131840
3134502
3135182
3134134
3137743
3139234
3132428
3135289
3132500
3133562
3141253
3134210
3135794
3137048
3134830
3132181
3132138
3139900
3135769
3136873
3138714
3140262
3138281
3139347
3137277
3139254
3138656
3135633
3141200
3132732
3140830
3138989
3137024
3133060
3140097
3138224
3138776
3135229
3134565
3131635
3139338
3135527
3138830
3137085
3134511
3136886
3138358
3135843
3136844
3138672
3132950
3136735
3136867
3139851
3132046
3134413
3131904
3141346
3139404
3137700
3140722
3133764
3140513
3139048
3136480
3131569
3138584
3136563
3137107
3140313
3133821
3133726
3133951
3140402
3137687
3140534
3135188
3139862
3136186
3134345
3138299
3133500
3135685
3134252
3135849
3133032
3134173
3134378
3132005
3133314
3131646
3134437
3137784
3136256
3133039
3136251
3137684
3132483
3139437
3133092
3140832
3135404
3133095
3137580
3138012
3141339
3132289
3141092
3137340
3132613
3135133
3137147
3133796
3137521
3132056
3133405
3132952
3133747
3136862
3133885
3136842
3132704
3134407
3140933
3133641
3139528
3138405
3137805
3132761
3132615
3133376
3134740
3141338
3140314
3139020
3137588
3132894
3138808
3139682
3132124
3136546
3133611
3140454
3138521
3132570
3132323
3133933
3132961
3139057
3136156
3137750
3134110
3137049
3136618
3137935
3138709
3131611
3140778
3139252
3138106
3135958
3136191
3131896
3132177
3136551
3139288
3133071
3139938
3134706
3137873
3135714
3134397
3138498
3140917
3132724
3140170
3132786
3135964
3138703
3138369
3136297
3132863
3132093
3140923
3137419
3131768
3134798
3140961
3137963
3132082
3134371
3133525
3135675
3140526
3133592
3137831
3135759
3133424
3137586
3132923
3140569
3134358
3136270
3138881
3141204
3140178
3141306
3134497
3140862
3140087
3132389
3133202
3136159
3139796
3140057
3132865
3134992
3136037
3138652
3132819
3136059
3139811
3132399
3136470
3132356
3137558
3139711
3137426
3137237
3137464
3131491
3136925
3137027
3136068
3138061
3135240
3134190
3132222
3135694
3136185
3132866
3139597
3135797
3136436
3135620
3139216
3134919
3138631
3139790
3137247
3139888
3138194
3138941
3134742
3139335
3141293
3138903
3137794
3131668
3138721
3133197
3131471
3134734
3134131
3132149
3136496
3136667
3136325
3135776
3140428
3134829
3138186
3138484
3135597
3136508
3134723
3133241
3135124
3137309
3136623
3137836
3134223
3140048
3137897
3138159
3135306
3132434
3131567
3139605
3137753
3141129
3138749
3138635
3134631
3133979
3136951
3141365
3137850
3131467
3140664
3138102
3140637
3134048
3138817
3136344
3136332
3135169
3133161
3136370
3133895
3138715
3139064
3140323
3132197
3139663
3135030
3141010
3135028
3138681
3139627
3132485
3132327
3132279
3133055
3140756
3133908
3134526
3133114
3131721
3134198
3136278
3137955
3132900
3133168
3137097
3134528
3138882
3137326
3134542
3140219
3133866
3136330
3134530
3132560
3132315
3139495
3138390
3133471
3140369
3136316
3137170
3139454
3138544
3136183
3133680
3135384
3139767
3138465
3140674
3137578
3131774
3135161
3137414
3135873
3134969
3141351
3134082
3136306
3137884
3137812
3132121
3136989
3132045
3132891
3141215
3132831
3141261
3141274
3138065
3135388
3137960
3136239
3137522
3133224
3140165
3139038
3133508
3134282
3138608
3136401
3138864
3138171
3139139
3134461
3135204
3133938
3138545
3134196
3139248
3138585
3132417
3140705
3139208
3141153
3136421
3136769
3132011
3131439
3140194
3135021
3134977
3136213
3140761
3134272
3141000
3137714
3135024
3136486
3140054
3140045
3139814
3139101
3139173
3136860
3138586
3138773
3140744
3131769
3135894
3136948
3134560
3140070
3134625
3135788
3139245
3138791
3138248
3135387
3137342
3141272
3135274
3138204
3140791
3132844
3140347
3139418
3135331
3134681
3141260
3135135
3140639
3134974
3133659
3136602
3138713
3139569
3137623
3137504
3136006
3135697
3139157
3134458
3131783
3133401
3131605
3140089
3132381
3132557
3140363
3134646
3139923
3132696
3132982
3134663
3135498
3132566
3138275
3132888
3134906
3136824
3138471
3138806
3136577
3131752
3133822
3140682
3139715
3136621
3138157
3139129
3131832
3136241
3135513
3133439
3138856
3139198
3136355
3132436
3139283
3132136
3137297
3138894
3136123
3135805
3134157
3136720
3133752
3138064
3140851
3133748
3133655
3133253
3139109
3132180
3135945
3134302
3140899
3135745
3135799
3134958
3136576
3138450
3137589
3133730
3137573
3133088
3134655
3135318
3135271
3141249
3133927
3140052
3132593
3136202
3138002
3132907
3134685
3131948
3137206
3137387
3131441
3132986
3137730
3133725
3135218
3132103
3132074
3133073
3135905
3137234
3139012
3131926
3135013
3138679
3134866
3132735
3139429
3135002
3137388
3138704
3135558
3134381
3134112
3135059
3140942
3140632
3137376
3134172
3135629
3136058
3140584
3132461
3135857
3131862
3135895
3139103
3137925
3138799
3137254
3134936
3135712
3138289
3136490
3141275
3135063
3138454
3138035
3140343
3132870
3137360
3140309
3141212
3135302
3136654
3135287
3140583
3140644
3137319
3133737
3135346
3140474
3134224
3132856
3132513
3137370
3134709
3135552
3137390
3140361
3136320
3135163
3134164
3141241
3135762
3135967
3136775
3139686
3139552
3131749
3131965
3131908
3132550
3132832
3140327
3141283
3133097
3139840
3131811
3134508
3133004
3140114
3133636
3134899
3136014
3141112
3133868
3136961
3135122
3133910
3134235
3136142
3131994
3137404
3136512
3137894
3132584
3135926
3134145
3141013
3132101
3137058
3134119
3137328
3132336
3140281
3137257
3135378
3132069
3134595
3132668
3133864
3135831
3139544
3139781
3136994
3135904
3132911
3137173
3141146
3134121
3138756
3140147
3131452
3139436
3139381
3137965
3136761
3141072
3134632
3136706
3140190
3131612
3133098
3140242
3136483
3139476
3135471
3136650
3134647
3138268
3139676
3134834
3138665
3133617
3139880
3136192
3132869
3139506
3134084
3131603
3141113
3135238
3134875
3135241
3131952
3134732
3133307
3139647
3137475
3136768
3140145
3139584
3136917
3133607
3131698
3140172
3139464
3137007
3132090
3132519
3137415
3139493
3132274
3137568
3133670
3132822
3134606
3132919
3137694
3135878
3139783
3140939
3141281
3138177
3141232
3133285
3131649
3138525
3139780
3133881
3136882
3133817
3139777
3138887
3136682
3138610
3138045
3135364
3132464
3140227
3133051
3132559
3141353
3139413
3133311
3137874
3135094
3141124
3132700
3135438
3132521
3133708
3134412
3135466
3137359
3134212
3135729
3131754
3137834
3139909
3133304
3137576
3140085
3141018
3133463
3137098
3131921
3132105
3138136
3135618
3132107
3133125
3135348
3140255
3137137
3132918
3138442
3138363
3134257
3132739
3132903
3138076
3132638
3138726
3139966
3137126
3137291
3137940
3139088
3133582
3137436
3139019
3137752
3137124
3140431
3132424
3131969
3131396
3139899
3137256
3135916
3140076
3131664
3140916
3140926
3136939
3138691
3139293
3135079
3135724
3139221
3141330
3132325
3133862
3135223
3138444
3140860
3132681
3133501
3134971
3138669
3132047
3136788
3140119
3139982
3132476
3133189
3135170
3140107
3132480
3138303
3135898
3137261
3135069
3131770
3140828
3133221
3132286
3133630
3138916
3139622
3136963
3133167
3140813
3132528
3138790
3139478
3139670
3138305
3131591
3138482
3135116
3140044
3135886
3141323
3139446
3134519
3133722
3137824
3133700
3133141
3140153
3135425
3140874
3131980
3134861
3137265
3131682
3139410
3137572
3134683
3138782
3136749
3140445
3139091
3136744
3136760
3139123
3135900
3135793
3134327
3141304
3137491
3135771
3134619
3135045
3138774
3136622
3136685
3138683
3139112
3132756
3136680
3139086
3139427
3137413
3132705
3131935
3137994
3138308
3137025
3139890
3139689
3139473
3136056
3136238
3139383
3139674
3132695
3136819
3137275
3131816
3140133
3140935
3131787
3140909
3134264
3137047
3140522
3135601
3134986
3138230
3140186
3140217
3135299
3134208
3139372
3133103
3132263
3141299
3135347
3133955
3135259
3140485
3137171
3136229
3133673
3135561
3139729
3138301
3137780
3132234
3132479
3135354
3138215
3138314
3140388
3137435
3138459
3140658
3137931
3133052
3133355
3134934
3139646
3141317
3134884
3139560
3136881
3135509
3136339
3132335
3140203
3137754
3136357
3141325
3139195
3137699
3141086
3132226
3132348
3140883
3135548
3137532
3135096
3134687
3136010
3133207
3137443
3133878
3137693
3138957
3135875
3138044
3132793
3136477
3139759
3136504
3135510
3138006
3138108
3138381
3136540
3136469
3139096
3140457
3134067
3139000
3133646
3134075
3132580
3135528
3137062
3132823
3137561
3135114
3136268
3137084
3132301
3132339
3139809
3134422
3137228
3138919
3140215
3140914
3131834
3138437
3131502
3140549
3131653
3141017
3137680
3140762
3134043
3139956
3137646
3138940
3132944
3136790
3136388
3138461
3136301
3136171
3133814
3141356
3133746
3138387
3140614
3135853
3134634
3131508
3140380
3131728
3134027
3133761
3138226
3138736
3131616
3133256
3139654
3134848
3139951
3133994
3133094
3137674
3138945
3139236
3135220
3138595
3133303
3140392
3134926
3132229
3138431
3139714
3137441
3136347
3134909
3132914
3137537
3138602
3140564
3136704
3131716
3132769
3134089
3135544
3140035
3135422
3141023
3139965
3133325
3141286
3134135
3138406
3134721
3131953
3132725
3140191
3140547
3139892
3140724
3136039
3133165
3133478
3132958
3138958
3134930
3134336
3131600
3133992
3138837
3138649
3131594
3135151
3133096
3131588
3138540
3134935
3139559
3135065
3137417
3137241
3135001
3134049
3132044
3139228
3139964
3134951
3132249
3139284
3139699
3139426
3140082
3135309
3131695
3136752
3134714
3135253
3135130
3138004
3132943
3139187
3140286
3136305
3140349
3140738
3134232
3131701
3132741
3134314
3132486
3136532
3135858
3136195
3136803
3138032
3141001
3136060
3138252
3137075
3133436
3132295
3133696
3135646
3137986
3136453
3135369
3140571
3140941
3140801
3133265
3137853
3136885
3136991
3140031
3137035
3138090
3139044
3131548
3139529
3132303
3137518
3138458
3136237
3132330
3132384
3135143
3139702
3137496
3141256
3137183
3137797
3133774
3131929
3140910
3141360
3132199
3138575
3133575
3133191
3133205
3135251
3134035
3138798
3133906
3137321
3138601
3138861
3140709
3131626
3137203
3133795
3138117
3140968
3132770
3131469
3136552
3137418
3138210
3139489
3136711
3140146
3136759
3132677
3138917
3135985
3138057
3136944
3133296
3131863
3141027
3136431
3138279
3139415
3132192
3134292
3135125
3138743
3137032
3138409
3139196
3136903
3136349
3134231
3139468
3137293
3139583
3140155
3133638
3135555
3139614
3134817
3138962
3133394
3132959
3136575
3135389
3140304
3132624
3131501
3139484
3133506
3137594
3137451
3139807
3136887
3133797
3132694
3132189
3134051
3138927
3135284
3132079
3134352
3139394
3141242
3133601
3137282
3132027
3135703
3134557
3140311
3139579
3131705
3131925
3139538
3138203
3137711
3141026
3132686
3136601
3135429
3133236
3133867
3139040
3139238
3138689
3139979
3137927
3140774
3131868
3138816
3136579
3139045
3133481
3139565
3135939
3137987
3132545
3138041
3135255
3138487
3135291
3135747
3139531
3140008
3138378
3133631
3137381
3135010
3131440
3137361
3135928
3136597
3135171
3134876
3139261
3134929
3135887
3140416
3136100
3135150
3136310
3136736
3140442
3140804
3131876
3131404
3134254
3132729
3135517
3138116
3137930
3133800
3136935
3135053
3135698
3136079
3135688
3139908
3140348
3133966
3140525
3140411
3137724
3133882
3138182
3138211
3138687
3140757
3134318
3134351
3140706
3139889
3137624
3135594
3133583
3138795
3131853
3136596
3134807
3137300
3132585
3138789
3137636
3136126
3141131
3140132
3139641
3137731
3136923
3135613
3132030
3139525
3138638
3140947
3133477
3137916
3135687
3139632
3138802
3133614
3139745
3137011
3131933
3133228
3137001
3137472
3134779
3139361
3133069
3136648
3135126
3135986
3134057
3138541
3133058
3139608
3139691
3135627
3133557
3139259
3132647
3137722
3131456
3133735
3134993
3134219
3140344
3132272
3140317
3139466
3138724
3133321
3136743
3136840
3136890
3140033
3133299
3135529
3140324
3132811
3139100
3136084
3133663
3134896
3132073
3135410
3141188
3137157
3134113
3140572
3136807
3136553
3134815
3135617
3141297
3140754
3136975
3139950
3132956
3138334
3134813
3140007
3135515
3139679
3138630
3136796
3136382
3139524
3136607
3138368
3137713
3138178
3139842
3137983
3137723
3140858
3139414
3137889
3132358
3138784
3136555
3134073
3134755
3132588
3140551
3141211
3132191
3132927
3139292
3132512
3135108
3131943
3134533
3139460
3133009
3136859
3137299
3135162
3138362
3136106
3135899
3133652
3136466
3139434
3133262
3136217
3140387
3140542
3140235
3137869
3138483
3135781
3132792
3137304
3138151
3133392
3137036
3134275
3135197
3137295
3139110
3140974
3131766
3137166
3136757
3139703
3136550
3136071
3133163
3136784
3140284
3137267
3136215
3132932
3133242
3134703
3138516
3140290
3137239
3136335
3137242
3135943
3134704
3133751
3136866
3132089
3141263
3134010
3134088
3135234
3140592
3138077
3132240
3135765
3133666
3134944
3133118
3133996
3140636
3141273
3136617
3140956
3135266
3136109
3140743
3132369
3132346
3133302
3137799
3132993
3136462
3132878
3140318
3135082
3138967
3135239
3132892
3140396
3137068
3137701
3133857
3139725
3134499
3140691
3131604
3140517
3137072
3133539
3136429
3132553
3134783
3138593
3134636
3139364
3135134
3134387
3133340
3133388
3138573
3140605
3135172
3133622
3131991
3140727
3133537
3137199
3140560
3135277
3135612
3140925
3138647
3136869
3136024
3134838
3137298
3134017
3137820
3139557
3132425
3134585
3137215
3132639
3134125
3132127
3133683
3137511
3137033
3133572
3135007
3137081
3139567
3131717
3137336
3136544
3138942
3137054
3139778
3133993
3138930
3134456
3139353
3134828
3140787
3141295
3138364
3137765
3137018
3138247
3131975
3132187
3134244
3138094
3140696
3140976
3137870
3134444
3139782
3140563
3136668
3133893
3134882
3138778
3139572
3135400
3134724
3138438
3132019
3140882
3139503
3138535
3136817
3138394
3134451
3133623
3134854
3140815
3138680
3139586
3140234
3138695
3140360
3138227
3131663
3135988
3139365
3136134
3137803
3133981
3137383
3138745
3132421
3139511
3132884
3140615
3131964
3136162
3132925
3138658
3134295
3132737
3136066
3140305
3133127
3137726
3138100
3139171
3136874
3134638
3136219
3141199
3139673
3137719
3140216
3135419
3134193
3139160
3137917
3137657
3140887
3132785
3141102
3133948
3136356
3138809
3139380
3132992
3135202
3135591
3133855
3138336
3136818
3139206
3135937
3136716
3134941
3132038
3134956
3138937
3137852
3137786
3136189
3131659
3132204
3136359
3132834
3139763
3134629
3131504
3135915
3132629
3133888
3133934
3141006
3139968
3138686
3138578
3140726
3133271
3140418
3133134
3132848
3139135
3132109
3135744
3132773
3138441
3133128
3139412
3141230
3140991
3137149
3139719
3135233
3138870
3139895
3134012
3134664
3137879
3140469
3137619
3135982
3138886
3138421
3140675
3134784
3137005
3139636
3134960
3138257
3135888
3141326
3140507
3135938
3137185
3132270
3140590
3136394
3134367
3132514
3135701
3137502
3138912
3140895
3132966
3136053
3140265
3132809
3134719
3132405
3136518
3138716
3140573
3133835
3139527
3132416
3135477
3137401
3140503
3137827
3136561
3138838
3137408
3132953
3136934
3138824
3133366
3131900
3140771
3137092
3134905
3136077
3134299
3138821
3134178
3141119
3136371
3132592
3136169
3136573
3139059
3134056
3132018
3134328
3138375
3138819
3140990
3138188
3135833
3133099
3137090
3133980
3132658
3134206
3139297
3135372
3131414
3140121
3138493
3137621
3131536
3136630
3133793
3136545
3135959
3136236
3138455
3133116
3136997
3134710
3140473
3137689
3140676
3138519
3132548
3137000
3133995
3135848
3138560
3139263
3132948
3138554
3139343
3137517
3135725
3133695
3139384
3135490
3133225
3139556
3136780
3137683
3139532
3133944
3139209
3139060
3141175
3133449
3135138
3135903
3133329
3132684
3138629
3141165
3132898
3135319
3133067
3136845
3131652
3139147
3140823
3133192
3132532
3132186
3137816
3132568
3131784
3137003
3136411
3136163
3138663
3141152
3137845
3140291
3135570
3140515
3136348
3137516
3131496
3133755
3141093
3136539
3139052
3132742
3140086
3137881
3134500
3139754
3135402
3140398
3134858
3138021
3133547
3132216
3137099
3135016
3132351
3131804
3134046
3141278
3137088
3134859
3135446
3136701
3137602
3139985
3135924
3133492
3137244
3132504
3134774
3137634
3133110
3137604
3140733
3139596
3139602
3135286
3135670
3132867
3137777
3136525
3135800
3139733
3136179
3133829
3139520
3140322
3136441
3140139
3139307
3140978
3138642
3138221
3134537
3135565
3136456
3135292
3140600
3132239
3135786
3132664
3131733
3138641
3133364
3134623
3138676
3133144
3137577
3138112
3137892
3138472
3138906
3133692
3136970
3133521
3133305
3136960
3137112
3140657
3133595
3135145
3136004
3132233
3138452
3134841
3132407
3134259
3135113
3137179
3131448
3137926
3141300
3140244
3140113
3135327
3131786
3136777
3133397
3140041
3133187
3132440
3137964
3137371
3135989
3132795
3137525
3132377
3138315
3139447
3137270
3135624
3140005
3137227
3140073
3134865
3132719
3140701
3133344
3133317
3139077
3138115
3137233
3140763
3132764
3138333
3137273
3141051
3141148
3138466
3136435
3136527
3140036
3138677
3131977
3133260
3132994
3139005
3134028
3134849
3132581
3141289
3132116
3135671
3139280
3135311
3138820
3132331
3133100
3135563
3140936
3136026
3138313
3141049
3136309
3131772
3132443
3139217
3136265
3133702
3139662
3140261
3137806
3140741
3136772
3132798
3138028
3140593
3131654
3132200
3139132
3139145
3137190
3137266
3133274
3136369
3141207
3140870
3132562
3134001
3139513
3132676
3131890
3131416
3134061
3134071
3135086
3139200
3138039
3137546
3138263
3134209
3139042
3140737
3136959
3138488
3136292
3137156
3135457
3135362
3133620
3140900
3137134
3132179
3137866
3137664
3134628
3134277
3136891
3141108
3136592
3138707
3140720
3141181
3135443
3132531
3132366
3138775
3134266
3137823
3134439
3136313
3134743
3141205
3132390
3135244
3135925
3134136
3132032
3136637
3137505
3137982
3133429
3131785
3135802
3140999
3133044
3132051
3136705
3131848
3136248
3133689
3132821
3133544
3136794
3137152
3131750
3135734
3135619
3138331
3132693
3134096
3131740
3136734
3136865
3139175
3132760
3131792
3137900
3136841
3131427
3131582
3131407
3140792
3141290
3131874
3131474
3135194
3132783
3135822
3137483
3140714
3140940
3140689
3131622
3138570
3137757
3139022
3137828
3141105
3135507
3131880
3139619
3135705
3135167
3138938
3136277
3135785
3140934
3138891
3133757
3132393
3135723
3133430
3131568
3133324
3135666
3134760
3133298
3140205
3135166
3132131
3137902
3140603
3133729
3139326
3136165
3137527
3133540
3134324
3133802
3139275
3134014
3136147
3134036
3135370
3139746
3138982
3131602
3132068
3137967
3138453
3138324
3133805
3137843
3137920
3132573
3137595
3140995
3138155
3131927
3133639
3137231
3137556
3134580
3136674
3137050
3137989
3133824
3137180
3141322
3136586
3134914
3139085
3134390
3138993
3138024
3136385
3141254
3137867
3139325
3140130
3138860
3132372
3136642
3134393
3139247
3134808
3132095
3134159
3133412
3134019
3133564
3136433
3139645
3140424
3132541
3138426
3141305
3135064
3139535
3139016
3138908
3132269
3131861
3135222
3134166
3135085
3136045
3135927
3131610
3137159
3133834
3132578
3131472
3135136
3136946
3137922
3136372
3139728
3132790
3139919
3131391
3131736
3135965
3133407
3134871
3137399
3139098
3132549
3134641
3135568
3140659
3136290
3133974
3138980
3135879
3140988
3138622
3136381
3131875
3132776
3139319
3135553
3135297
3137044
3133509
3134304
3140308
3132575
3134334
3138612
3134517
3134174
3134953
3134592
3135606
3134954
3140056
3138800
3133570
3131866
3131573
3136402
3135061
3137791
3132875
3134326
3135279
3138850
3133813
3135107
3131791
3141220
3139408
3138705
3135054
3136522
3138099
3141264
3138093
3136296
3131930
3137632
3135777
3133310
3135820
3133456
3132420
3140666
3135970
3136758
3139739
3131814
3134442
3131490
3135341
3136798
3140426
3135091
3140027
3131483
3140980
3137905
3132813
3138842
3135424
3134810
3134356
3135494
3134744
3141144
3138386
3133935
3140144
3134645
3131523
3132916
3138235
3136509
3131778
3138793
3133558
3134094
3136673
3135999
3136962
3135141
3131813
3133789
3136722
3133422
3133917
3131418
3132669
3138356
3135706
3136979
3133233
3136220
3138397
3139818
3137566
3135155
3137201
3133435
3134912
3138990
3139639
3132749
3141195
3134705
3137807
3135770
3137974
3134377
3136721
3139285
3140734
3137685
3138137
3135323
3137303
3137741
3133045
3141294
3136773
3133633
3136384
3134562
3137567
3140353
3135034
3138994
3137158
3132576
3138542
3140102
3132728
3136635
3138111
3132267
3135731
3136727
3136446
3135673
3140535
3132967
3134764
3132212
3134060
3132915
3131737
3137790
3138875
3134288
3138229
3137453
3134731
3140365
3135774
3138055
3138587
3134669
3138574
3131683
3140886
3133743
3136644
3135051
3139417
3133358
3134199
3140877
3132949
3140641
3133109
3140250
3131877
3134494
3132383
3136922
3139310
3133169
3133046
3138463
3140589
3132457
3134539
3131431
3140046
3134315
3141354
3134150
3131518
3137910
3135023
3134648
3136595
3133945
3140339
3134078
3136064
3138603
3138383
3138366
3138909
3141233
3134220
3135099
3141005
3139207
3134346
3135071
3132960
3132880
3137934
3138839
3137104
3138417
3131829
3136027
3140212
3140329
3139015
3138010
3137677
3132805
3134626
3140758
3138146
3138267
3138153
3132995
3141011
3136924
3138771
3134863
3139433
3137865
3139111
3139644
3140386
3136547
3134540
3136750
3133300
3132037
3133571
3134667
3133919
3136510
3133240
3138352
3135978
3141168
3139166
3137552
3136533
3135764
3133499
3133084
3139996
3135005
3133704
3138389
3136012
3136811
3133446
3136225
3140712
3133135
3133259
3136878
3132540
3131822
3135763
3134274
3132779
3131676
3140068
3140023
3137153
3133270
3134107
3141056
3131818
3133627
3133041
3133227
3140437
3139231
3132518
3133281
3132122
3134268
3141184
3133002
3136982
3131485
3132340
3139667
3131855
3131631
3132235
3137482
3136105
3134767
3131677
3134384
3140977
3134573
3136052
3133989
3140938
3134171
3131757
3141285
3138048
3139804
3137122
3139226
3132937
3137924
3138412
3135298
3132034
3136702
3132651
3140345
3140541
3133684
3139925
3133756
3134691
3138385
3132123
3140521
3138156
3137296
3136715
3134583
3135158
3141170
3137462
3140844
3138750
3137151
3135357
3141267
3136535
3136242
3134416
3140806
3133765
3139568
3134181
3139548
3134482
3138659
3140512
3131669
3131858
3139237
3137864
3139194
3131993
3137721
3134776
3141320
3137136
3135355
3135865
3133526
3137644
3136921
3139125
3132539
3139926
3136209
3137184
3135883
3140083
3140413
3133433
3140831
3139006
3139788
3134937
3133363
3131957
3136188
3134476
3140081
3131390
3132656
3132689
3134137
3137095
3139070
3134237
3136358
3133370
3137800
3139629
3140502
3133269
3141068
3137647
3131627
3135826
3133292
3137374
3132614
3140928
3133467
3138664
3135852
3131608
3139363
3141047
3137579
3135084
3133357
3135050
3136640
3131711
3140230
3139344
3134806
3140039
3135590
3138500
3136459
3137117
3139543
3131479
3133246
3138234
3133473
3137574
3137660
3131849
3132633
3132650
3134768
3131961
3135560
3137243
3135265
3133160
3133879
3138150
3141151
3139258
3133440
3134474
3139161
3137493
3140629
3135545
3132088
3133320
3138621
3133295
3140468
3135659
3135478
3134204
3135580
3138627
3140253
3136581
3140752
3140852
3141357
3140177
3133279
3137437
3138173
3140356
3140554
3133315
3135834
3136252
3139488
3139377
3135783
3141328
3139137
3136633
3135440
3138096
3134097
3140332
3132288
3135317
3133026
3133616
3131892
3132893
3137802
3133048
3135398
3132175
3139003
3139740
3139146
3132148
3132160
3132679
3140198
3139963
3132084
3135791
3133763
3140241
3131999
3139666
3138192
3140169
3138555
3138693
3135209
3139155
3134283
3140760
3140656
3137074
3132227
3140090
3131776
3139678
3136940
3136893
3133767
3135825
3140367
3135773
3133318
3137281
3134789
3134846
3131551
3131637
3131739
3134122
3138080
3136096
3138418
3135445
3136678
3140504
3140105
3135980
3132365
3139469
3134716
3131707
3139075
3137669
3134608
3139371
3140152
3140613
3134614
3132826
3133523
3135941
3134127
3140911
3137923
3137129
3133402
3136028
3133766
3138228
3132572
3135761
3135212
3139879
3131692
3135860
3135592
3136781
3134490
3132920
3138728
3138992
3134186
3140444
3135185
3135495
3140703
3133006
3140438
3131795
3134950
3137882
3132812
3135337
3139186
3139952
3135496
3140120
3133350
3139816
3137369
3137113
3134433
3131534
3137775
3137876
3134660
3140093
3140958
3131583
3141244
3133351
3140350
3141197
3140989
3139844
3136302
3136726
3140299
3135639
3137783
3140997
3133711
3131990
3137813
3136520
3135313
3140673
3137697
3133365
3137999
3137308
3135383
3131893
3137119
3136218
3136425
3133154
3134431
3131641
3134754
3141257
3136791
3132797
3136132
3137944
3136619
3140472
3140625
3137933
3140134
3140443
3135657
3138623
3133745
3133661
3141031
3136799
3132816
3136864
3141311
3136285
3139214
3141055
3133900
3132934
3138414
3140065
3135047
3136834
3135872
3140730
3134207
3133475
3131561
3136312
3141276
3133132
3137274
3140357
3135147
3134536
3133434
3134253
3132743
3132098
3137768
3135987
3136995
3140653
3135549
3131662
3140694
3132059
3139032
3132970
3136367
3133226
3140785
3138565
3138060
3133024
3134021
3136107
3138072
3138400
3140063
3140690
3137855
3137485
3132273
3131435
3138855
3134180
3133140
3138280
3136067
3139378
3133770
3131775
3135258
3138081
3137015
3138801
3138896
3140654
3140695
3137608
3135628
3136764
3138562
3139634
3134466
3134168
3135003
3133072
3132897
3132972
3140223
3135121
3138923
3132595
3131678
3134475
3137581
3136284
3134564
3138866
3131797
3140932
3132078
3134229
3134323
3137774
3135390
3135648
3141150
3136046
3133615
3134409
3135503
3134617
3140067
3134822
3136530
3137021
3135048
3140174
3135092
3137133
3140543
3132041
3137377
3133969
3133932
3131406
3138489
3134124
3140283
3133773
3139829
3138139
3136116
3136016
3133206
3140663
3136074
3137355
3138536
3137749
3131522
3136631
3136664
3132604
3136173
3134205
3133455
3133389
3131489
3135391
3135332
3132283
3139323
3140021
3137347
3132208
3138070
3136765
3141193
3139143
3137756
3137331
3135338
3132818
3135846
3138242
3139049
3134584
3137271
3132231
3136501
3134359
3141369
3137329
3131713
3133393
3135199
3138954
3138354
3131670
3141128
3140110
3132801
3131538
3131820
3132145
3137666
3132516
3138462
3134733
3137168
3134981
3134797
3133413
3140000
3135816
3135936
3140389
3133574
3134262
3133660
3140646
3132137
3134332
3140103
3140331
3132803
3138292
3137543
3139984
3136198
3137041
3141183
3133524
3140913
3133166
3134737
3134177
3141343
3138747
3139081
3138836
3137682
3132262
3131945
3132963
3134851
3140979
3138696
3137970
3132850
3136392
3137641
3140685
3139243
3138762
3135683
3131628
3131598
3134242
3136808
3136342
3136687
3131413
3138144
3137294
3139638
3137747
3139960
3140408
3134762
3139776
3133552
3136966
3138276
3133199
3134600
3137434
3140800
3131541
3140047
3137484
3137862
3135312
3139432
3139210
3140924
3137585
3140298
3135083
3140609
3137461
3138606
3133461
3134335
3137508
3141258
3135582
3135020
3133686
3136479
3138848
3139494
3135484
3137841
3138019
3134039
3132509
3132706
3131597
3139847
3131906
3135897
3137939
3141078
3135156
3134160
3139885
3137479
3136351
3134895
3140014
3136271
3135932
3137066
3140088
3133319
3141096
3132096
3139184
3137695
3140783
3138068
3139650
3137761
3137191
3134298
3134322
3140729
3131882
3137992
3140970
3138103
3132368
3134343
3132474
3135036
3137856
3140779
3140633
3134020
3131686
3131679
3139303
3133465
3135680
3137633
3136988
3136999
3140817
3133077
3140861
3137096
3138460
3140638
3141268
3139935
3139296
3138372
3137412
3132899
3132980
3133653
3140742
3133828
3133065
3135316
3139521
3138162
3134582
3136129
3134106
3139668
3140394
3135983
3134824
3139594
3140529
3139967
3138785
3140197
3133194
3134175
3135497
3140849
3133566
3131671
3133505
3137620
3138997
3136303
3141147
3134695
3132983
3133267
3133420
3135599
3132094
3139939
3140642
3138675
3131732
3136662
3132754
3138646
3134167
3131411
3136393
3137712
3132484
3138288
3137638
3136567
3134183
3138089
3136445
3138433
3140915
3138783
3137966
3134917
3135605
3132112
3136180
3135314
3140287
3139215
3135976
3141371
3141038
3132314
3140245
3132586
3133245
3139126
3134063
3139451
3138207
3136836
3139626
3132968
3133771
3138430
3140251
3132561
3134802
3133316
3139835
3140946
3132408
3134575
3134513
3133486
3135367
3140043
3138985
3139461
3138132
3141196
3134523
3139181
3140896
3137648
3137174
3140062
3138922
3139357
3135129
3140338
3133078
3138995
3132887
3140789
3138497
3136692
3131837
3134197
3137744
3132329
3133432
3132475
3140434
3139431
3133976
3131532
3136398
3135949
3138701
3132467
3131688
3138141
3132174
3137292
3135052
3141133
3133651
3134931
3138553
3136463
3137150
3137014
3138496
3134750
3132747
3137164
3131425
3138287
3133083
3137670
3132290
3141039
3136366
3137103
3134214
3133514
3135863
3134120
3138062
3133543
3136521
3139177
3133859
3131780
3136831
3132271
3139977
3138396
3133330
3140880
3134404
3136854
3140786
3134369
3134420
3132618
3138764
3140865
3135351
3135418
3137213
3139915
3132387
3141358
3141187
3136609
3131691
3135489
3134772
3137287
3136746
3140717
3133406
3135690
3137091
3138580
3131719
3141288
3139980
3135996
3140558
3134201
3136506
3138172
3138719
3136482
3137640
3135839
3139901
3135242
3136815
3138079
3134782
3138377
3139769
3140821
3133339
3138034
3135105
3133188
3133897
3134804
3131800
3136018
3139486
3137817
3141041
3140879
3135380
3134007
3131513
3140908
3139751
3140354
3140845
3136062
3136281
3134794
3131918
3136131
3136102
3132355
3135942
3132401
3139553
3137186
3131454
3138033
3139037
3141370
3137885
3140218
3133398
3140907
3134978
3135748
3140462
3132304
3134847
3136492
3136418
3140982
3138928
3135668
3141223
3141282
3133705
3139894
3133068
3134226
3139313
3137086
3139393
3131477
3137223
3134405
3138271
3133736
3139411
3133553
3133326
3140271
3132538
3134713
3131973
3138626
3141070
3134869
3136407
3136914
3135956
3137253
3133399
3135611
3133208
3137659
3139420
3137410
3135649
3134003
3134544
3139192
3139097
3136032
3140818
3141298
3136718
3132529
3131887
3136612
3136947
3134925
3139708
3139026
3140189
3132987
3136304
3139601
3140292
3138854
3134492
3138073
3134973
3140138
3140100
3134188
3136399
3131606
3135213
3135644
3140798
3136224
3141071
3140195
3132437
3139227
3139387
3137128
3136536
3137921
3138510
3131723
3141192
3135377
3139391
3140591
3139199
3136178
3137877
3133487
3131976
3131865
3137947
3135823
3138678
3134907
3132784
3132386
3133870
3135203
3140026
3133255
3137471
3135632
3137851
3140867
3137858
3132854
3138451
3136534
3137248
3135640
3136184
3134247
3135960
3132622
3140808
3135249
3133385
3132021
3137356
3131515
3136541
3133113
3139264
3132347
3139924
3140713
3138196
3136196
3134640
3138531
3135569
3131815
3138797
3137854
3138504
3140621
3133494
3134514
3139001
3136802
3135074
3136786
3141123
3133843
3136341
3141149
3140030
3135893
3136755
3135179
3138841
3131560
3137503
3139067
3132293
3138220
3137353
3134496
3136023
3138557
3140716
3134845
3140447
3133243
3138594
3140679
3136415
3133781
3136409
3133850
3135686
3135829
3132522
3136321
3137249
3141334
3138988
3140943
3134163
3134364
3135682
3137432
3135867
3140106
3138702
3138413
3132025
3136365
3139500
3133122
3138895
3138223
3137245
3135740
3135643
3131585
3140684
3135541
3140018
3136517
3140099
3140902
3137997
3139076
3138661
3132517
3135542
3137591
3134881
3139868
3140496
3140619
3140489
3132688
3137232
3134265
3139700
3137875
3134902
3137830
3139841
3136737
3141318
3136033
3131651
3140751
3133288
3139523
3137290
3136686
3140490
3131619
3135947
3131984
3139913
3140430
3136494
3135957
3134285
3135854
3138416
3136099
3137612
3137973
3137144
3140163
3139239
3137692
3133550
3134025
3132860
3134874
3138684
3133011
3135322
3133101
3139318
3136212
3136855
3132698
3132781
3135743
3136011
3137962
3138114
3135281
3136911
3137671
3137681
3141028
3140446
3138098
3135192
3133347
3132042
3131563
3133000
3141174
3134156
3134095
3133691
3141164
3135736
3131430
3136643
3133123
3133520
3135995
3138611
3140966
3132255
3138410
3137912
3139592
3135784
3140530
3141122
3140406
3138264
3139230
3131419
3141301
3140767
3131545
3134246
3140425
3138330
3137908
3140270
3132049
3134280
3133108
3140711
3136957
3139366
3132883
3134622
3139981
3131592
3138091
3132716
3141342
3131879
3138166
3131941
3134778
3137829
3137198
3133549
3134688
3136257
3137093
3135638
3133080
3132579
3134878
3139613
3133782
3133905
3132902
3136442
3140397
3141367
3132708
3137995
3136594
3137279
3140269
3131946
3134697
3132423
3139958
3135841
3139808
3135662
3136916
3135394
3132951
3140607
3136343
3136776
3136086
3132499
3137819
3136800
3132827
3137587
3131978
3133331
3133970
3138407
3138213
3132933
3140096
3141312
3137652
3133107
3137909
3132810
3139898
3137474
3137067
3138321
3132727
3140479
3132341
3133087
3140495
3135650
3133804
3138067
3131639
3136259
3136254
3138199
3139845
3133957
3137283
3136849
3135326
3133323
3139213
3132699
3140429
3137913
3140297
3140053
3138959
3134515
3132619
3138522
3139115
3133698
3133803
3140776
3138020
3135395
3137289
3133749
3131580
3131570
3135984
3137658
3136205
3133820
3141145
3135645
3135990
3133887
3133612
3133251
3133511
3140597
3139107
3132988
3138579
3137979
3133018
3140482
3134059
3133136
3131974
3133744
3132652
3134342
3138391
3131437
3134990
3132672
3135885
3139791
3136833
3133532
3135450
3137313
3135399
3137276
3132184
3134372
3141114
3136204
3134270
3138868
3132846
3132515
3139585
3135073
3135183
3139286
3134375
3135709
3136582
3131806
3136319
3133721
3133093
3139742
3136574
3136151
3137052
3140439
3139355
3140993
3138727
3136478
3140848
3133418
3136876
3137162
3139018
3140819
3139241
3132616
3136323
3134355
3137205
3135031
3136782
3139021
3133812
3137878
3133825
3137455
3137740
3137396
3136424
3133778
3135877
3132555
3132015
3133361
3137788
3133584
3138639
3140202
3132654
3136108
3135276
3137895
3137821
3135396
3135231
3131982
3134892
3137645
3134730
3134300
3132468
3140131
3140050
3133063
3139375
3133047
3133667
3135660
3139094
3140790
3137368
3141250
3141186
3138244
3138419
3134524
3136837
3135228
3132998
3137230
3138492
3134512
3140391
3137046
3140238
3133560
3140795
3140723
3134114
3132489
3132492
3140264
3136973
3137782
3135448
3135760
3138527
3133918
3135205
3132006
3139268
3140546
3139537
3141106
3137597
3133106
3132771
3135641
3136397
3138576
3140565
3131517
3135195
3134144
3141314
3137337
3131870
3131727
3136666
3138485
3137915
3139741
3138036
3138200
3139857
3135804
3140441
3133645
3134770
3135118
3134643
3131609
3133333
3136009
3139658
3133115
3133546
3138160
3135473
3131634
3137125
3139455
3139398
3140725
3134966
3141003
3135442
3131796
3136049
3132465
3133419
3134340
3138673
3133443
3135392
3133939
3132976
3137288
3139533
3133941
3136812
3139736
3133997
3133731
3137077
3139450
3133466
3136000
3135954
3135929
3135487
3132157
3139348
3132150
3137476
3132636
3135946
3133066
3132841
3132969
3133438
3134081
3140622
3141087
3140381
3139066
3134109
3132338
3135308
3136634
3139191
3133177
3139949
3141025
3131911
3137019
3136300
3140876
3132702
3131810
3134052
3138794
3133876
3134383
3136565
3133977
3131408
3139270
3140272
3137459
3137557
3132247
3141082
3136649
3134238
3138843
3139204
3132215
3136403
3139277
3138546
3138569
3135474
3134042
3140486
3132830
3139024
3135500
3134837
3138376
3135737
3135554
3137146
3131586
3134463
3136793
3139156
3137056
3134604
3133001
3138660
3134520
3132456
3139128
3139039
3137079
3138571
3140954
3137531
3136694
3140458
3131633
3133149
3131934
3134543
3134654
3140004
3140149
3133780
3132564
3135066
3135480
3132817
3139853
3132495
3137785
3134555
3133827
3132808
3136731
3136379
3139438
3137729
3135901
3141141
3141110
3141331
3140326
3134707
3133605
3134924
3138883
3139170
3136451
3134040
3134105
3138505
3134796
3135625
3138197
3138729
3137848
3138318
3135961
3133884
3132139
3138481
3137452
3134982
3138190
3131625
3139117
3133150
3137480
3133548
3134556
3133697
3140404
3132402
3134579
3135838
3138402
3138243
3135963
3136422
3140020
3135520
3136870
3134726
3138266
3135426
3137529
3140611
3135812
3139983
3139779
3132662
3131393
3140237
3136152
3139518
3140587
3139392
3131839
3131436
3140306
3134510
3137467
3140206
3141243
3139345
3133838
3134558
3141015
3140412
3133033
3136495
3138618
3138582
3134532
3131756
3141352
3131581
3131562
3131703
3140037
3139179
3139321
3131846
3132861
3132165
3131415
3133482
3138828
3140617
3131697
3138670
3137629
3134653
3136645
3141308
3137569
3132432
3131579
3138528
3139859
3132901
3134153
3131959
3131443
3139475
3135721
3139142
3137949
3132852
3138332
3133841
3134674
3138685
3139472
3135811
3140302
3137195
3134727
3133565
3138272
3135562
3132851
3135488
3138834
3133403
3131423
3134975
3134644
3140351
3133815
3135181
3132246
3140715
3131672
3136416
3140669
3136334
3141111
3135493
3132209
3135352
3134076
3137728
3131655
3141203
3141077
3134408
3138914
3139084
3139912
3139665
3135157
3132250
3135304
3138260
3140156
3138037
3136851
3137548
3137704
3137555
3135614
3138341
3137398
3132505
3137809
3132117
3134386
3135072
3135767
3133244
3134108
3135501
3139969
3140825
3131595
3133218
3138340
3138063
3137501
3133591
3137448
3135296
3131708
3138457
3131438
3134812
3133690
3135931
3135695
3141169
3136427
3136789
3136003
3140061
3134380
3133036
3135856
3139891
3132799
3139435
3133380
3140536
3134867
3133706
3139571
3139649
3133787
3137109
3138518
3132868
3134279
3138835
3136497
3139028
3134997
3136507
3134483
3139972
3138161
3137751
3135902
3134471
3132687
3134769
3141247
3141296
3134593
3139205
3134545
3133984
3139235
3136813
3139712
3139771
3138393
3132173
3136770
3133898
3140770
3136375
3136952
3136314
3140612
3133157
3140797
3138996
3139409
3131963
3133495
3132219
3140455
3136697
3140850
3137155
3131584
3138563
3134819
3135416
3141324
3138526
3133185
3135966
3131442
3141066
3138245
3133479
3139029
3135356
3139815
3135272
3138767
3131433
3138231
3132623
3133336
3140316
3133535
3135876
3134018
3131531
3139884
3138688
3137439
3140200
3138911
3137628
3132752
3133738
3132777
3141246
3135969
3136076
3138411
3140419
3135574
3138876
3139832
3138335
3135078
3136223
3138653
3138551
3140686
3132872
3136087
3132767
3132533
3134616
3137789
3136868
3132398
3136487
3134780
3139127
3135305
3135974
3139768
3139403
3133624
3132782
3140953
3135678
3140769
3134761
3141120
3134897
3132957
3132111
3140432
3138250
3137175
3136653
3131744
3131480
3140807
3134913
3136748
3131931
3134447
3136150
3138319
3134118
3132497
3140687
3132989
3132833
3134104
3137584
3136020
3139957
3136827
3133513
3134525
3139854
3141327
3133516
3137070
3136025
3132477
3139937
3137463
3135456
3131445
3141121
3137332
3138619
3133886
3139306
3134301
3133518
3134251
3137679
3132337
3139589
3137031
3132252
3135301
3139050
3137250
3136139
3140949
3132357
3139031
3134662
3139267
3132471
3134016
3137473
3140964
3135573
3131702
3138970
3132632
3132394
3134827
3133960
3137078
3131909
3134702
3135159
3136091
3134044
3139336
3133657
3135455
3132207
3140248
3135127
3131656
3140207
3133348
3138874
3132551
3140390
3132268
3132003
3137968
3137073
3131394
3140183
3134330
3139465
3135864
3139514
3133238
3135148
3132134
3135669
3139825
3139197
3137196
3136374
3139346
3138739
3135955
3138822
3138198
3134598
3136080
3136593
3132524
3140118
3133507
3136001
3131613
3136035
3136756
3134376
3137236
3134656
3133877
3138476
3139563
3135361
3135019
3138650
3132778
3134339
3139598
3132836
3137497
3137130
3136082
3138787
3135046
3132962
3139954
3141376
3136625
3134290
3132013
3133769
3131807
3133694
3137010
3136909
3134398
3134211
3137542
3134236
3135547
3137952
3133156
3139159
3138255
3140508
3132631
3139762
3133727
3139881
3139734
3139683
3132035
3133309
3134421
3140628
3136274
3135373
3138742
3139542
3137932
3140179
3134165
3139991
3139402
3132309
3140449
3135088
3133911
3136439
3139848
3131821
3139704
3136898
3133130
3140254
3135041
3132589
3139224
3134627
3138859
3133195
3138222
3139920
3131762
3132367
3131539
3139233
3135300
3134230
3138633
3139481
3131844
3135840
3141238
3136078
3133297
3136657
3137488
3132256
3138507
3132143
3135828
3137872
3135252
3135522
3131572
3134987
3136269
3133332
3140476
3136523
3139640
3135174
3140013
3138559
3131434
3137838
3133013
3131842
3135782
3133720
3136350
3140058
3131764
3135616
3137365
3141095
3132352
3138915
3134609
3134333
3138246
3135137
3138725
3133085
3133567
3139340
3141085
3140854
3131808
3132291
3134187
3138251
3141142
3133062
3136089
3135186
3136448
3138805
3132748
3137450
3136908
3136570
3134803
3135733
3137720
3140199
3132026
3137320
3132478
3139820
3136838
3140568
3139453
3138506
3134361
3133293
3139089
3136243
3139992
3135824
3136709
3134748
3134928
3138042
3132924
3132596
3131923
3141135
3134382
3133626
3135334
3140072
3137280
3132205
3132211
3136170
3135917
3141158
3135758
3131621
3137060
3138312
3136670
3131788
3140920
3140631
3136489
3138007
3131997
3140141
3140872
3140552
3135112
3132029
3137993
3133286
3139687
3133594
3136434
3134436
3136714
3139671
3137284
3131956
3136905
3133437
3133943
3139752
3137037
3140193
3136258
3134289
3139182
3138862
3138751
3133335
3140822
3137540
3138763
3140994
3137613
3139382
3136353
3136103
3134661
3136729
3137755
3136423
3138511
3134922
3132849
3132071
3132264
3140104
3133589
3141104
3133042
3134013
3133012
3134675
3135382
3135850
3140310
3137373
3132864
3139422
3135131
3134506
3134189
3138624
3140827
3134260
3140957
3140214
3141034
3134388
3137465
3132441
3138829
3139516
3134601
3137801
3139690
3140162
3138890
3132242
3137105
3136514
3138788
3141063
3132146
3138404
3139140
3132427
3133593
3141132
3137618
3133010
3135379
3133035
3135704
3131828
3139941
3132895
3133792
3140140
3138003
3132859
3132751
3132506
3139105
3141032
3136141
3140665
3139395
3139218
3136022
3133079
3140342
3136610
3132510
3140180
3133037
3133369
3138897
3138845
3134450
3133159
3136143
3132083
3140772
3136352
3136275
3138043
3139755
3135598
3140403
3131726
3136753
3140127
3133427
3136591
3139620
3138361
3138515
3134022
3137673
3135115
3134487
3135037
3132772
3139798
3136986
3135716
3131410
3131983
3132667
3131758
3136467
3141176
3139940
3135933
3137023
3137385
3138754
3135409
3135531
3137108
3139858
3140765
3131514
3137980
3139121
3138445
3137759
3136526
3137178
3137703
3133223
3131950
3137506
3132012
3136647
3131590
3135406
3133937
3141029
3132016
3137533
3135434
3138662
3137433
3139281
3139850
3133212
3132714
3137535
3134472
3134085
3138206
3136491
3136432
3133028
3131854
3136294
3134603
3135890
3135572
3138508
3137598
3133576
3137042
3134746
3136672
3135407
3141043
3140740
3134831
3133237
3134457
3134612
3138291
3134287
3135667
3137630
3137526
3136964
3133252
3140240
3132535
3138933
3138607
3134927
3136830
3134694
3139603
3134045
3131544
3140820
3134216
3133599
3133469
3138129
3135757
3134587
3136747
3136740
3137028
3133961
3140680
3138955
3132673
3140869
3132587
3134316
3132353
3132142
3131856
3141067
3134329
3140016
3135971
3135835
3139079
3139162
3139717
3132014
3134392
3131986
3132526
3131996
3134700
3138539
3137013
3140188
3133555
3136745
3141163
3137389
3137235
3134872
3136329
3133327
3132411
3133261
3135702
3139947
3140160
3140873
3132198
3136029
3133581
3136636
3138699
3137172
3136763
3133687
3133328
3140732
3132507
3133826
3138180
3138365
3133386
3133210
3133777
3131845
3138104
3137040
3137043
3141240
3132445
3136511
3132565
3138018
3135476
3132840
3134501
3135892
3137961
3133162
3134852
3139716
3132599
3135526
3138392
3139648
3134357
3134980
3137899
3135268
3131557
3138088
3140841
3140499
3132345
3133758
3133978
3131397
3139360
3139837
3135842
3137272
3139934
3140524
3132905
3141137
3132487
3141210
3131464
3139921
3131888
3134666
3138648
3132316
3140453
3138212
3133629
3139102
3134033
3136639
3138233
3141099
3133598
3133536
3140531
3133053
3135603
3132757
3133840
3135968
3136955
3140483
3133124
3141081
3134350
3132597
3138238
3134200
3136848
3138216
3136474
3132762
3139720
3138434
3132048
3137928
3138803
3132858
3132563
3140755
3139978
3137053
3135184
3136562
3133354
3135111
3132503
3138599
3135464
3131405
3132080
3135663
3141208
3140319
3139014
3139726
3141178
3138274
3137438
3139276
3133425
3136420
3139657
3132188
3136572
3140101
3137822
3139545
3141255
3139354
3138337
3138813
3133219
3132453
3131675
3131891
3132655
3139399
3133892
3137772
3138951
3138342
3135225
3139480
3137094
3140863
3135504
3138597
3140948
3139653
3140606
3140766
3134855
3137688
3131576
3133872
3140544
3131884
3140274
3131578
3138807
3132530
3138840
3134453
3133531
3138501
3132824
3133896
3134069
3133054
3139784
3136047
3136326
3136814
3131809
3135742
3132653
3137325
3139637
3133909
3135604
3136340
3132332
3140006
3132999
3134529
3133155
3138572
3135070
3139271
3135243
3141065
3131741
3137981
3136346
3137787
3140042
3132171
3140624
3132534
3140891
3135608
3132135
3141280
3133306
3136583
3135600
3137835
3134720
3137393
3133676
3131992
3134870
3140060
3140929
3137065
3133923
3132634
3137204
3133029
3134988
3134454
3140775
3138668
3133040
3131751
3137312
3132054
3134699
3136200
3134642
3138092
3137957
3138543
3137176
3135006
3134507
3135254
3139154
3135566
3138395
3132985
3135468
3137391
3139211
3135813
3137715
3135413
3137020
3141080
3134379
3136641
3136651
3138384
3133250
3138765
3138326
3136669
3140069
3136626
3131779
3133920
3138939
3138999
3137132
3140833
3140952
3135519
3134273
3138167
3134349
3131484
3132945
3134611
3140951
3141166
3133648
3141044
3141262
3136937
3140150
3133901
3137258
3139955
3135140
3135830
3138031
3138317
3140372
3136954
3132774
3141115
3139082
3136174
3135738
3135578
3133121
3136969
3140796
3137996
3137512
3139786
3139522
3134008
3136724
3140842
3136070
3138591
3137758
3138373
3134313
3133142
3134505
3138974
3133031
3134239
3135460
3141332
3137420
3137009
3134176
3135290
3133488
3131665
3133786
3138708
3137617
3133625
3134801
3132228
3141021
3134311
3135405
3138338
3138926
3136614
3132913
3132266
3140602
3132874
3134347
3135589
3132380
3137181
3135719
3135057
3138026
3139416
3139986
3140922
3133352
3138953
3132796
3134426
3132984
3137706
3132855
3136172
3136569
3133685
3139878
3134684
3140355
3140585
3133710
3139152
3134391
3138214
3141266
3138424
3134883
3134129
3139887
3138733
3140985
3136707
3139999
3136767
3140960
3136990
3137286
3134152
3136877
3132744
3131615
3139485
3133409
3132158
3140078
3133015
3141347
3134596
3132527
3133215
3140373
3133404
3138469
3135360
3139635
3139407
3135952
3133679
3133396
3132928
3134599
3140950
3132965
3132237
3137675
3134406
3132132
3134857
3138796
3137469
3139471
3131914
3140528
3139071
3136675
3132683
3133145
3138977
3134445
3139987
3137490
3135753
3138429
3134534
3136387
3140890
3139501
3133600
3131720
3136115
3137565
3140395
3133586
3136883
3140643
3138692
3134293
3131872
3139812
3137427
3134438
3132178
3140224
3139138
3140267
3133268
3138893
3141231
3132396
3138617
3137887
3137394
3135653
3131444
3139863
3136895
3131878
3141127
3131746
3136121
3131747
3134777
3139801
3138921
3138449
3138902
3138125
3135923
3140747
3133964
3139821
3137626
3140736
3131715
3140660
3135684
3140256
3138849
3135626
3134470
3139163
3134296
3137605
3132626
3134678
3131966
3138556
3136475
3137466
3135411
3136778
3135206
3135693
3139492
3139876
3131624
3136543
3135953
3134568
3137971
3132391
3134467
3136426
3138986
3139843
3138636
3138328
3132591
3132195
3136153
3139805
3133493
3133936
3139802
3138620
3133714
3140366
3134818
3136588
3137364
3134023
3139278
3134898
3137034
3141291
3140280
3131681
3131499
3137262
3136233
3137737
3137083
3134850
3132163
3139172
3139013
3136907
3131693
3136676
3132305
3137796
3136144
3139927
3139770
3140677
3135543
3131432
3132221
3135676
3136829
3140300
3138858
3135689
3133579
3134809
3136556
3135679
3132257
3137131
3135564
3137082
3135677
3140346
3133563
3137229
3134151
3132077
3136603
3136133
3132225
3140122
3135741
3141245
3131402
3135144
3135920
3132665
3136127
3140721
3140812
3139369
3138537
3140184
3137627
3134968
3131498
3138513
3132297
3136787
3140580
3141368
3136537
3139599
3136699
3137560
3134708
3135482
3139659
3136473
3137486
3136929
3132361
3133034
3136094
3135467
3134452
3135451
3134671
3136317
3138261
3138904
3136620
3138415
3138852
3132794
3136282
3136606
3134890
3131745
3135397
3138277
3134963
3136529
3139943
3140794
3137901
3139176
3136396
3138360
3136140
3133640
3131817
3139055
3136977
3137494
3139539
3137314
3134281
3137405
3136730
3134100
3134594
3138892
3135728
3141069
3140809
3138265
3139877
3139202
3138001
3136042
3136161
3136978
3135581
3135871
3137264
3136795
3136968
3135962
3134546
3132156
3137541
3133891
3137880
3134521
3133313
3131470
3132129
3139655
3139973
3133280
3140017
3135216
3140414
3131898
3136363
3136395
3136805
3133556
3132161
3138175
3135577
3134887
3140427
3135836
3133091
3140456
3133973
3141180
3134516
3132838
3131710
3132710
3138770
3139803
3137478
3134306
3136608
3140233
3137429
3134142
3132245
3140855
3133608
3131799
3133853
3131690
3132244
3136762
3131843
3132385
3138478
3132722
3133182
3141024
3139023
3136373
3136443
3138382
3140651
3135076
3132873
3138148
3137169
3136578
3135951
3135891
3133573
3136965
3138427
3133170
3134698
3132765
3135044
3134920
3139188
3132680
3132287
3131529
3131392
3138066
3139423
3138960
3134561
3138588
3138550
3135427
3139148
3135913
3136280
3132707
3140422
3136945
3137306
3137763
3133634
3141171
3139705
3135359
3132422
3136513
3133146
3136235
3132766
3136646
3138694
3141271
3139839
3134893
3135615
3134093
3134618
3140368
3137189
3140577
3140996
3137950
3136515
3131457
3134538
3132726
3131462
3137214
3139272
3140420
3136632
3138731
3136148
3132224
3136587
3136656
3131459
3133861
