Person
3137696
3133455
3133747
3134895
3132059
3139731
3133837
3137506
3137957
3138986
3132188
3140899
3136636
3139111
3133656
3140483
3136027
3132611
3140384
3133724
3133174
3135824
3141282
3135485
3136070
3137350
3139837
3139562
3137107
3141108
3141302
3134877
3135637
3138914
3132406
3134068
3134607
3135590
3134573
3135010
3134648
3139664
3135292
3133593
3141002
3133417
3133019
3136822
3137234
3131783
3139051
3136369
3135757
3131426
3140949
3134062
3138973
3133546
3135024
3131533
3137515
3136537
3139253
3135265
3136863
3140272
3139861
3139613
3135246
3139260
3141231
3132231
3133524
3132110
3136410
3133989
3132412
3133766
3135202
3131609
3133245
3140486
3134424
3135067
3138381
3138266
3133568
3131872
3136889
3139604
3135011
3131989
3133110
3134938
3133280
3138019
3138787
3133990
3131465
3138390
3135417
3137418
3132055
3138667
3131432
3139642
3133153
3140638
3141073
3134325
3140569
3135115
3141204
3133620
3131685
3140868
3136457
3139333
3134551
3138563
3134137
3140757
3140870
3136084
3139511
3133442
3136299
3138224
3132378
3139418
3140694
3138896
3137827
3132160
3136629
3136789
3137081
3131652
3134187
3136078
3135876
3137648
3141303
3138454
3140266
3131750
3140077
3137346
3132915
3140737
3134969
3132879
3132649
3131416
3139908
3137183
3133964
3134157
3131787
3141300
3136527
3133574
3131544
3135913
3134946
3135581
3141364
3138488
3134054
3137976
3138115
3138413
3134490
3138892
3132588
3138075
3136796
3139803
3140647
3141151
3136250
3134998
3138560
3140310
3138665
3136186
3132495
3137127
3140161
3132798
3134129
3139372
3132382
3132466
3135398
3137393
3140984
3134520
3139153
3133804
3136681
3138140
3141340
3140039
3136129
3136350
3135814
3138804
3135070
3132303
3134316
3136473
3134488
3134936
3139976
3135462
3136572
3136199
3139964
3137111
3141306
3141046
3140494
3136513
3140286
3136668
3138791
3135841
3137702
3134193
3137287
3138228
3137566
3137227
3138432
3136295
3136454
3141345
3132583
3141304
3136340
3138286
3134127
3131847
3131857
3131635
3137324
3137527
3138272
3137924
3134718
3140831
3133313
3141025
3132875
3133680
3135571
3137884
3138110
3134171
3139787
3131565
3138002
3139654
3133963
3136628
3136315
3133668
3138028
3136494
3133003
3137208
3137185
3141221
3134545
3138566
3134414
3138281
3132559
3138534
3136975
3140548
3132225
3136265
3138269
3132541
3139982
3140536
3139699
3139088
3136706
3137564
3134591
3133481
3133932
3140445
3138494
3133034
3139750
3131850
3133085
3138259
3139703
3133345
3132506
3141049
3141288
3140375
3132571
3136088
3133236
3134818
3134130
3140292
3139753
3134026
3140256
3133469
3134268
3141307
3133533
3134271
3138423
3137521
3131865
3139265
3134112
3136824
3137930
3134215
3133947
3135424
3133814
3133786
3140751
3135818
3133109
3140223
3131890
3138187
3139068
3138029
3133232
3135328
3140369
3141006
3133623
3137932
3137653
3138542
3138232
3135622
3132978
3132149
3137919
3136991
3133104
3141093
3139419
3133203
3136821
3137140
3134139
3135599
3131964
3133358
3139597
3137362
3136268
3132560
3136486
3141374
3131824
3133315
3135911
3139958
3140642
3138588
3137315
3134553
3134416
3133600
3133062
3140133
3135629
3134299
3137878
3134116
3134578
3135935
3138353
3135263
3140904
3137374
3131525
3134686
3138778
3138486
3133627
3135822
3132696
3138003
3136803
3133641
3136063
3138828
3140187
3134968
3133355
3132568
3136014
3133032
3132279
3133111
3140068
3139871
3139067
3139174
3134783
3137430
3141225
3138367
3131666
3133429
3137536
3131780
3135293
3140132
3134959
3139276
3136613
3137673
3138770
3135937
3132627
3137855
3131913
3139363
3136066
3139856
3133396
3137443
3131418
3132133
3131827
3133134
3138746
3133955
3138283
3140766
3137003
3139308
3137721
3138764
3136319
3133410
3141067
3133827
3138821
3139975
3132403
3132858
3134429
3136232
3132473
3137214
3131512
3137946
3134336
3140818
3138654
3135960
3135825
3133402
3137118
3140733
3131582
3139997
3137559
3133972
3136667
3139311
3133089
3141183
3134451
3133557
3135703
3139850
3132510
3136771
3139169
3133589
3136637
3136039
3134261
3134634
3135189
3138864
3132554
3138608
3133800
3131949
3138184
3140606
3132033
3136284
3134265
3137376
3133745
3138017
3136540
3134099
3139804
3140278
3140946
3131686
3132698
3135190
3131520
3136541
3135530
3136612
3140695
3131800
3139676
3137257
3140457
3133117
3133093
3136016
3135614
3135033
3132833
3139033
3136842
3132734
3140022
3131594
3132051
3134595
3132350
3133648
3141230
3131829
3131556
3139434
3140373
3138107
3135978
3132202
3132861
3133699
3132989
3137997
3138195
3140616
3136829
3135888
3135275
3134536
3133486
3131863
3132543
3135015
3133886
3135073
3134189
3134082
3133614
3141361
3139962
3135919
3141104
3140736
3138572
3133850
3136956
3141159
3138483
3131498
3135445
3136433
3133338
3139758
3141131
3132269
3136704
3139362
3136947
3133749
3134072
3131761
3133799
3140567
3141052
3137695
3131813
3139691
3140131
3135237
3140190
3132921
3134445
3135018
3135393
3140480
3131414
3134306
3135579
3139623
3133787
3138435
3132753
3138657
3131436
3131516
3136193
3138910
3138213
3133162
3136196
3136102
3134945
3140210
3131614
3132266
3141250
3137382
3132660
3137728
3131610
3138314
3139454
3133995
3134655
3141132
3139883
3132111
3137781
3139839
3138361
3136392
3135972
3136213
3133738
3140448
3132351
3137599
3135642
3134207
3135162
3135577
3138963
3140248
3141156
3135269
3131889
3140762
3137238
3139727
3132147
3134728
3137192
3134650
3138340
3135113
3137158
3138541
3135815
3139492
3133491
3134543
3139376
3136203
3133662
3135957
3138294
3141186
3137213
3138022
3134496
3134784
3134980
3135648
3135797
3140320
3131818
3139332
3139269
3140208
3138521
3136641
3135786
3134641
3140893
3132081
3140333
3140478
3131392
3141030
3140967
3139154
3135482
3138199
3133764
3133927
3137712
3133038
3134154
3136291
3134510
3131482
3136183
3133785
3139123
3132341
3139288
3135873
3136168
3133909
3138475
3136624
3140847
3140892
3140066
3138628
3141192
3134779
3140720
3138402
3138621
3141305
3135151
3137910
3136464
3139035
3138489
3135781
3138168
3140718
3137795
3139550
3137388
3139991
3137307
3132564
3133029
3138838
3134044
3140389
3133563
3135254
3139214
3131650
3134881
3132083
3136294
3132386
3134715
3135412
3133064
3139387
3133091
3137223
3134342
3135129
3133657
3136555
3138276
3136452
3133511
3131854
3135722
3137869
3135432
3135689
3136827
3132847
3138765
3134855
3137861
3139770
3140822
3132178
3139358
3131920
3132373
3138275
3132115
3134636
3137338
3132532
3140429
3133885
3138405
3134542
3135013
3139833
3131636
3133440
3141275
3134550
3139476
3134272
3134232
3132356
3135903
3136361
3138557
3141263
3131489
3138878
3138967
3136808
3139348
3141212
3139701
3134738
3136595
3135020
3140365
3131561
3138627
3138685
3132838
3131576
3138866
3131605
3140505
3138718
3132628
3133588
3138853
3139431
3136673
3139417
3136399
3135705
3141200
3133976
3135799
3140517
3140845
3138641
3140253
3134179
3135048
3135534
3136887
3137998
3133836
3135765
3135359
3134475
3139192
3137352
3138026
3135184
3138612
3131612
3138955
3131721
3132691
3136890
3131428
3139069
3140810
3135256
3134034
3136358
3136909
3134161
3140674
3137713
3140546
3140209
3133569
3136221
3132948
3141338
3135586
3131648
3132158
3131891
3135468
3137792
3136041
3140488
3135948
3137546
3133639
3141143
3139768
3131618
3131867
3138204
3134321
3137073
3136905
3141260
3136222
3134808
3135043
3139639
3139602
3140463
3139215
3136411
3134237
3136415
3134742
3140955
3133944
3138312
3137991
3141284
3140891
3136707
3140953
3133500
3134618
3137528
3138116
3138948
3138220
3140196
3139170
3137988
3137969
3138335
3141325
3138306
3133703
3136483
3138077
3135060
3131698
3133206
3140387
3138086
3131999
3135091
3137933
3131592
3131885
3140471
3132408
3137978
3133807
3139585
3132428
3134883
3138042
3135548
3136756
3136293
3140850
3138182
3133950
3133483
3135520
3136723
3138913
3139244
3139969
3139655
3135553
3139815
3135850
3141167
3140767
3138732
3131879
3140214
3131699
3131424
3140419
3131660
3137001
3139094
3131943
3134053
3139886
3137697
3132228
3141261
3132438
3134786
3134262
3134011
3138574
3133739
3135355
3131662
3140135
3135179
3137975
3133435
3138209
3131900
3135453
3132368
3136757
3137154
3136725
3138809
3141238
3133450
3133642
3139764
3135444
3138180
3133816
3136449
3136690
3138415
3140079
3140328
3137750
3140820
3139027
3138277
3140778
3139242
3138049
3131962
3140992
3133352
3132401
3134660
3138198
3139955
3138997
3140141
3139173
3136946
3133962
3139291
3135921
3135871
3135160
3137454
3137568
3136506
3135832
3138600
3135515
3136496
3132156
3136162
3138731
3140710
3133761
3140358
3133967
3137549
3131868
3134465
3136121
3131486
3139544
3131458
3134065
3140816
3141189
3141135
3135068
3139556
3136034
3134482
3131968
3133160
3131454
3140179
3137888
3140027
3132944
3134281
3140764
3135946
3134294
3137313
3134360
3132230
3131975
3135201
3138671
3138241
3132327
3138082
3131422
3132169
3137636
3137912
3140672
3136853
3140525
3134379
3136172
3134795
3134530
3132217
3132442
3135374
3136467
3133760
3134367
3132293
3136370
3135706
3140760
3135270
3134875
3134761
3136925
3139457
3132167
3140395
3131548
3139489
3137266
3139217
3140026
3139370
3138007
3133378
3136992
3139365
3137761
3131960
3138767
3132590
3132666
3134750
3134144
3137218
3138564
3140444
3135080
3138380
3135169
3135411
3140160
3135305
3134512
3137941
3135147
3131599
3137217
3133045
3134833
3137354
3131476
3138858
3140301
3136848
3137427
3141368
3137098
3140659
3140789
3138263
3135480
3138985
3134820
3138992
3132619
3136634
3137222
3137753
3136559
3138132
3138358
3139437
3134047
3133706
3135069
3139869
3134347
3139478
3136371
3132874
3137772
3138737
3134832
3138174
3131923
3137945
3134722
3132313
3131603
3138888
3137783
3140139
3131575
3132208
3139098
3134098
3139546
3137011
3133521
3131702
3131784
3140556
3132455
3136149
3133375
3137766
3140839
3138919
3141242
3138831
3135656
3134557
3137212
3131898
3136230
3137120
3132134
3132116
3138252
3132910
3134514
3140660
3140750
3136698
3141365
3137883
3135779
3132591
3136445
3135564
3138035
3133484
3135349
3137452
3137188
3134024
3141292
3134856
3135830
3137802
3135503
3137982
3137134
3138382
3139045
3136722
3138897
3138194
3138025
3139281
3132184
3139817
3139652
3140877
3134480
3139847
3133974
3139517
3140726
3140530
3135314
3139404
3131720
3141344
3134013
3133427
3132796
3139103
3135541
3141029
3132392
3134973
3132992
3136611
3136106
3132404
3136971
3136746
3138148
3138385
3135940
3137333
3136795
3134705
3131413
3134212
3141336
3137269
3138137
3131676
3140246
3138366
3133571
3135842
3136646
3138422
3132451
3134463
3137008
3137909
3136830
3135268
3133025
3137256
3137076
3141299
3135448
3134566
3135294
3137641
3138451
3140350
3131992
3138814
3140555
3133395
3134802
3135273
3136993
3140030
3135447
3134377
3139042
3131957
3138273
3137934
3139339
3132084
3134493
3138982
3132901
3138760
3133199
3138805
3140438
3133112
3137931
3136810
3141068
3137583
3138044
3139537
3139547
3139912
3137820
3131490
3132702
3135489
3132129
3137462
3135512
3135040
3138024
3135420
3134202
3133432
3137282
3134064
3132553
3136142
3139715
3140676
3133959
3134037
3140927
3135559
3140090
3141233
3135180
3133204
3137640
3140168
3133157
3139510
3133729
3135556
3132472
3132286
3136246
3132533
3131754
3141258
3139100
3133615
3137172
3138291
3138388
3133815
3134776
3132288
3135597
3131693
3139573
3133960
3140563
3138369
3132638
3135157
3134234
3137408
3138136
3131795
3132689
3135287
3135224
3133694
3135065
3138933
3136607
3138419
3140465
3139799
3139746
3136934
3133452
3137618
3141128
3132103
3134801
3137727
3136768
3132423
3132025
3135838
3138530
3131731
3138807
3139728
3141315
3136902
3139538
3132593
3140644
3132934
3137740
3134426
3136942
3138834
3139765
3131838
3137794
3136522
3134751
3137336
3138309
3138656
3137484
3132449
3134658
3134056
3141354
3137453
3136638
3134868
3139872
3134967
3137241
3132137
3137708
3139006
3139263
3135554
3133940
3135408
3133007
3132866
3141165
3136948
3137244
3132013
3132220
3139414
3139205
3136274
3139916
3139490
3133881
3135810
3136666
3132561
3136477
3141053
3138960
3133264
3136439
3138516
3133902
3131434
3132896
3134018
3140303
3136846
3133998
3136258
3139236
3137450
3136587
3132766
3137942
3139851
3135573
3141096
3133246
3133128
3136711
3138131
3138606
3134704
3135340
3136324
3132695
3131875
3137540
3135100
3137311
3140421
3140211
3140883
3139780
3138758
3139813
3134196
3139220
3139506
3133189
3131581
3139743
3136888
3135859
3135726
3140052
3132662
3139564
3136023
3137958
3133795
3133811
3137724
3136003
3137782
3140081
3138554
3139776
3134785
3136492
3139280
3137621
3139194
3137922
3138403
3136662
3134994
3138769
3141020
3135562
3132519
3136238
3131559
3138372
3138796
3131998
3134008
3138503
3133267
3135847
3134083
3134142
3132820
3139498
3132720
3137660
3137683
3132815
3133946
3132268
3136480
3141138
3132135
3136965
3140441
3135421
3136864
3136917
3133737
3132399
3131978
3135902
3134046
3134075
3138074
3135875
3141162
3137972
3135944
3139895
3138127
3136886
3131817
3137751
3138996
3134080
3140910
3133530
3134438
3138102
3139831
3132807
3140782
3139946
3138952
3136898
3134176
3140080
3138466
3141254
3135497
3134002
3140634
3137631
3133039
3140216
3134518
3138690
3141214
3131467
3135702
3139392
3140532
3138501
3131613
3141113
3135001
3138323
3137469
3137237
3134957
3133122
3139533
3140460
3136552
3138186
3138679
3140731
3136188
3139719
3134822
3141094
3133230
3134669
3134410
3135332
3138092
3141236
3139285
3137520
3132439
3131578
3135346
3140771
3131874
3139241
3132600
3140268
3135229
3139368
3140257
3138881
3133487
3132144
3137037
3133616
3135505
3136713
3139486
3137867
3131687
3138585
3138129
3140241
3140318
3131938
3135436
3138119
3137190
3133590
3139950
3132191
3139396
3134910
3134091
3131810
3133897
3139230
3140614
3138520
3135620
3137879
3140154
3135769
3132411
3138702
3139351
3136782
3133983
3132124
3135741
3133607
3131657
3138493
3136450
3134726
3132946
3141178
3132928
3133282
3139900
3134930
3135088
3133519
3139248
3132338
3137233
3135272
3136015
3139200
3136318
3133784
3133430
3139641
3136870
3131775
3137594
3135861
3135308
3138988
3136549
3135330
3134476
3136301
3137151
3133161
3139843
3133399
3131515
3133243
3137537
3136131
3135145
3137044
3138756
3136235
3140722
3137898
3137390
3131412
3141069
3137305
3136108
3137882
3133732
3138414
3140533
3138586
3136207
3138308
3132213
3135437
3136489
3133467
3136466
3134981
3139166
3141041
3131873
3135754
3140996
3140594
3138595
3136570
3139245
3137638
3140013
3140487
3141210
3138972
3140808
3135673
3139440
3138222
3140338
3134813
3136080
3136059
3133407
3133461
3133507
3132829
3134901
3133769
3138753
3134719
3139099
3140640
3135232
3134150
3135898
3135031
3135995
3132045
3137119
3135153
3141034
3140122
3135790
3139818
3140442
3135794
3134986
3137461
3138271
3137437
3140826
3141324
3140342
3135391
3132247
3134077
3135450
3132983
3140706
3134556
3137420
3133717
3133789
3137184
3139469
3137863
3135165
3132885
3140981
3140330
3139084
3134971
3141100
3137187
3136105
3134527
3131443
3136807
3135927
3140907
3134423
3134117
3134048
3134640
3136365
3138201
3136472
3137435
3140866
3136702
3133389
3140169
3133758
3133472
3139836
3137786
3140559
3133796
3140512
3141133
3132676
3134568
3136182
3140819
3139814
3141010
3134528
3134253
3135176
3138245
3133876
3137270
3136368
3132536
3136838
3134915
3136515
3139590
3135615
3133261
3131501
3133847
3136133
3134208
3136144
3138857
3133195
3133253
3135373
3131735
3133237
3141105
3134894
3140493
3139809
3139188
3134934
3139340
3134615
3138216
3132321
3135858
3133525
3139483
3132430
3140535
3132450
3132579
3140936
3136289
3131469
3132794
3141372
3136817
3133420
3139011
3138816
3132550
3134242
3132067
3140377
3133344
3131704
3132563
3139807
3132199
3132061
3132733
3132932
3132494
3136257
3139484
3140394
3135037
3138144
3136475
3134831
3135787
3131654
3137915
3133473
3140629
3135633
3137329
3138249
3133279
3140042
3134926
3132684
3131672
3138841
3139643
3139306
3133166
3136030
3138104
3133540
3136160
3137320
3133357
3140367
3139137
3137729
3138424
3131977
3137722
3138165
3140834
3138031
3135396
3138573
3136516
3138826
3140436
3131570
3135524
3132893
3138851
3134469
3139509
3138060
3131956
3137709
3138229
3140012
3139150
3133853
3138057
3131772
3139601
3139760
3138754
3131945
3139435
3132514
3135438
3132131
3140114
3140414
3131460
3135963
3132582
3131590
3140258
3133130
3132982
3141142
3134473
3138479
3138384
3136403
3134800
3135828
3134891
3134939
3140979
3131675
3140919
3132118
3137755
3137290
3136605
3137045
3134322
3137531
3136309
3134843
3139345
3131697
3138829
3140712
3139442
3140725
3133088
3133305
3132636
3137132
3132835
3133348
3135593
3139986
3136366
3131716
3133669
3136465
3133040
3136498
3140386
3139931
3140702
3132644
3139669
3140851
3139767
3131655
3133900
3133324
3135522
3131564
3133893
3138877
3134668
3140245
3137554
3134907
3140682
3140390
3138365
3133660
3132718
3134314
3138418
3132529
3131494
3140791
3132453
3140044
3132784
3135477
3139229
3136057
3140284
3139209
3136656
3141180
3132398
3137384
3137999
3137959
3134756
3131474
3139353
3135490
3132964
3141297
3139763
3140235
3136374
3134303
3139303
3132641
3139640
3133971
3140228
3133477
3141208
3139941
3139089
3137139
3136098
3137386
3137785
3137990
3132640
3133602
3131935
3135081
3137953
3140482
3134388
3139708
3133516
3134937
3140146
3136332
3136847
3135247
3140752
3133856
3137914
3141255
3139777
3139369
3136051
3137051
3138287
3132569
3139256
3132215
3131794
3132142
3139238
3139341
3133463
3133736
3140412
3139786
3139627
3140174
3135034
3134614
3135300
3133984
3139381
3139501
3134094
3136786
3139101
3132669
3132039
3133676
3140231
3132095
3131602
3138773
3139881
3133020
3131597
3139234
3141266
3134382
3133353
3137837
3137911
3141051
3134992
3132922
3139584
3138090
3135255
3133272
3135454
3135095
3136120
3139422
3135378
3139864
3134007
3138684
3132076
3136128
3135607
3136738
3139329
3137860
3131855
3136858
3136317
3132936
3137586
3136072
3135967
3138593
3136669
3136118
3134682
3135309
3135808
3138371
3137145
3136497
3131842
3135135
3136884
3139024
3133228
3137730
3140698
3136446
3135543
3135778
3139077
3134890
3141129
3134559
3132674
3140111
3136620
3135711
3138540
3137703
3132765
3133543
3140020
3140255
3140011
3139633
3137577
3133211
3140489
3135857
3132717
3139779
3140960
3134949
3137477
3134970
3135731
3135762
3135605
3132363
3134323
3136334
3136252
3139282
3131774
3133727
3136068
3140620
3131471
3140728
3140872
3132886
3139729
3138784
3140900
3138575
3137734
3141039
3137225
3139467
3137735
3139472
3137658
3136563
3136777
3131621
3138924
3137406
3135320
3138452
3135252
3133992
3135241
3139168
3132608
3140279
3135026
3135149
3132906
3139631
3133028
3131510
3135732
3138518
3131508
3136001
3137312
3140450
3139222
3135628
3135342
3134674
3141115
3140060
3138793
3134770
3131637
3141268
3132959
3134725
3133640
3133854
3136900
3133649
3141182
3133979
3137617
3141318
3132077
3134532
3133755
3132189
3132206
3140786
3136167
3140627
3136741
3134774
3131751
3132748
3133756
3138610
3135514
3140578
3133434
3140185
3139290
3132518
3136247
3132187
3140158
3137769
3136067
3134766
3138221
3136602
3132410
3136504
3140582
3139712
3136113
3136532
3133777
3139626
3131726
3135844
3132860
3136038
3140084
3141197
3134197
3136076
3135980
3132715
3140639
3138650
3132882
3138611
3137166
3137822
3140198
3135540
3134928
3141370
3132182
3140063
3136709
3136951
3132155
3131553
3136547
3136241
3139972
3141296
3137380
3134291
3138320
3139644
3139625
3141122
3134309
3140982
3137491
3140669
3138795
3139004
3137125
3138247
3140696
3131990
3136262
3134332
3136200
3137940
3132146
3138576
3138238
3137425
3131760
3137917
3134797
3133288
3136872
3133874
3134849
3131893
3133961
3136248
3132567
3139724
3141126
3132257
3131789
3132747
3137375
3131446
3135500
3135638
3134103
3137412
3140853
3137905
3136311
3133154
3134544
3140801
3138800
3133320
3132369
3140289
3138859
3139403
3138757
3139312
3140748
3135401
3134211
3135313
3137987
3134305
3139687
3132546
3140408
3138097
3134684
3134192
3134880
3135896
3135583
3139361
3135238
3135217
3139816
3135426
3138504
3135955
3132933
3132556
3140366
3139009
3136313
3140755
3136554
3136710
3140446
3134061
3140631
3134752
3138895
3134443
3135990
3132653
3132977
3139697
3137474
3132607
3132424
3137950
3132995
3132309
3131856
3136043
3133397
3140325
3134251
3139879
3133219
3135690
3132730
3135052
3139393
3132631
3134295
3135866
3132721
3140265
3140195
3136017
3134218
3131651
3140756
3135941
3141058
3134548
3140047
3133780
3137806
3136689
3140707
3134289
3136616
3132945
3138406
3136567
3132572
3137504
3133222
3138705
3141171
3132325
3135369
3132152
3137804
3132887
3133865
3132587
3132951
3137796
3131514
3136758
3133700
3135084
3132497
3137108
3135886
3139162
3140534
3134627
3141269
3131859
3132391
3133209
3140057
3132307
3140347
3135271
3137066
3139614
3140685
3133218
3140356
3136378
3139732
3137191
3138246
3139605
3131580
3132836
3133227
3132216
3139681
3138343
3132744
3136979
3134204
3136589
3141203
3139694
3140409
3133711
3135082
3137075
3140036
3132851
3133183
3133806
3135008
3140295
3131572
3133555
3140587
3133779
3133365
3131834
3135295
3135370
3140321
3135164
3141356
3141160
3138843
3133371
3137279
3134582
3138704
3134775
3134612
3139247
3133254
3137144
3136302
3134523
3137439
3133783
3134826
3133362
3137692
3134384
3132725
3141316
3134402
3138907
3140539
3134331
3132235
3133587
3135715
3138692
3140032
3140829
3139909
3133518
3138152
3140470
3140894
3136166
3140378
3136920
3134782
3139541
3140799
3139977
3136730
3134533
3136226
3134884
3134501
3136109
3134391
3138578
3135636
3139688
3137918
3131814
3141175
3136603
3139127
3138163
3132596
3135601
3132383
3141070
3135953
3131914
3135821
3132680
3136283
3138747
3135112
3136912
3141045
3136981
3131695
3134385
3136578
3133598
3140938
3139924
3139890
3140554
3136703
3140123
3140237
3132984
3133408
3135404
3136253
3135301
3132060
3138514
3134723
3137501
3132943
3139105
3136421
3138819
3134155
3131971
3137687
3137167
3135521
3137286
3137459
3133332
3138362
3131397
3133582
3135118
3139645
3133056
3139171
3134710
3131669
3133558
3135791
3135502
3138143
3132803
3138450
3138974
3134022
3137259
3133930
3138018
3135619
3134359
3139208
3136456
3131805
3139689
3132241
3134912
3132670
3131688
3132781
3135358
3134902
3139078
3135230
3137088
3132679
3131595
3135114
3140931
3132065
3137103
3133015
3133055
3134780
3140858
3134190
3139112
3131401
3140552
3139277
3136329
3136700
3133532
3132358
3134076
3140016
3133939
3138590
3139647
3131619
3131527
3137283
3137619
3132237
3132490
3131483
3136391
3132245
3137732
3137639
3137717
3135630
3139679
3135733
3140270
3136854
3132109
3134852
3132823
3133359
3138481
3138311
3137720
3136214
3133078
3136812
3134405
3134579
3133376
3137215
3135087
3135560
3132802
3135371
3133922
3136906
3140040
3138098
3135204
3138664
3138360
3133080
3137677
3136499
3139047
3137294
3135344
3133664
3131812
3133840
3134494
3132316
3134500
3136590
3132917
3135891
3134483
3132446
3140261
3134671
3133074
3138158
3138045
3137197
3131600
3136326
3132153
3141342
3134975
3134947
3136960
3138151
3138374
3133118
3132526
3139072
3133082
3133248
3138662
3132233
3132848
3137126
3136087
3140184
3139155
3132445
3136861
3141164
3137843
3141359
3134547
3133928
3140747
3138949
3132904
3139488
3131769
3134764
3139018
3133951
3137775
3136647
3135195
3140221
3132755
3132342
3139781
3136571
3134767
3133878
3140503
3132126
3136751
3133920
3132056
3132693
3137325
3134368
3139121
3134270
3135976
3134153
3136389
3134769
3135986
3140254
3140611
3132088
3138076
3135811
3132294
3134419
3133414
3134066
3133715
3140613
3139140
3139240
3136260
3136469
3138603
3137343
3135865
3136372
3135700
3133820
3139796
3139062
3138290
3131403
3133334
3138693
3135863
3138426
3137072
3139159
3133988
3139695
3133444
3136481
3132654
3135014
3133942
3137181
3132609
3134313
3132091
3141079
3135327
3137830
3134194
3132931
3138980
3134613
3134872
3135479
3136734
3139992
3139313
3140610
3139966
3139448
3139650
3136305
3131782
3134101
3137591
3138836
3137970
3140968
3137285
3140230
3140293
3131926
3133079
3137135
3140129
3141317
3132716
3139470
3137278
3136010
3135242
3131643
3138348
3133438
3136383
3132481
3133578
3137714
3134304
3140793
3131568
3136264
3138317
3141022
3133710
3134180
3132797
3136815
3133765
3137347
3139749
3134277
3134016
3135311
3138064
3137015
3133561
3137548
3139935
3133482
3132300
3137252
3134592
3133295
3139496
3131712
3138605
3135686
3140467
3141323
3140807
3140175
3137726
3135142
3138346
3131658
3138775
3131711
3138477
3132085
3135277
3132614
3131899
3136774
3133537
3139773
3140852
3134679
3132719
3136451
3135173
3132778
3134279
3132884
3139608
3139848
3135310
3133679
3131606
3136328
3134021
3131785
3135066
3141329
3134604
3136569
3140464
3139132
3136726
3138434
3137657
3131555
3138995
3134387
3140064
3136249
3138079
3134892
3134836
3134113
3140239
3136218
3140173
3133103
3136609
3134160
3134223
3133302
3134249
3136390
3139074
3138617
3138785
3134569
3141206
3132291
3135316
3139617
3133647
3138941
3137846
3140440
3133933
3135051
3140452
3138798
3131942
3140671
3140234
3137901
3133126
3138458
3133341
3134458
3136509
3132586
3138478
3137624
3135192
3132624
3132713
3133868
3134913
3136296
3136189
3140991
3137402
3133510
3133978
3137589
3139569
3132242
3135526
3137018
3136718
3140089
3137791
3138912
3133476
3136091
3132974
3136512
3134093
3136663
3138655
3135997
3133601
3131965
3134038
3137201
3132334
3141090
3138292
3132315
3132355
3132907
3133572
3133226
3136546
3137074
3136009
3140964
3136953
3132384
3138313
3135403
3131951
3137397
3140974
3137625
3135122
3133009
3135805
3137199
3135465
3135665
3140571
3139046
3137130
3139578
3139600
3133855
3132198
3135097
3137092
3139629
3134217
3135228
3138455
3136625
3138879
3140431
3131788
3132128
3131778
3131729
3137056
3136544
3137042
3134219
3137416
3136138
3140776
3138134
3138842
3139268
3137472
3138699
3139928
3134712
3141004
3135610
3138794
3138993
3138927
3134587
3140294
3133023
3134195
3137251
3135870
3132405
3134864
3138235
3134575
3136632
3136893
3138663
3132434
3135366
3132501
3134045
3138522
3136223
3134898
3140577
3140121
3137541
3135511
3136686
3135470
3139648
3140388
3133718
3140745
3134526
3133512
3133498
3136599
3140142
3137289
3133535
3140240
3138512
3139019
3134398
3138133
3134906
3136533
3140643
3140288
3131583
3133731
3131925
3133632
3132419
3138660
3140515
3139149
3131961
3138808
3140821
3139730
3132562
3132273
3132825
3134584
3134772
3132345
3136045
3139616
3135964
3140813
3139388
3139005
3132678
3135102
3138506
3138891
3132016
3133529
3132119
3139366
3136224
3132264
3139923
3131682
3135297
3140144
3132690
3132282
3139091
3136983
3140562
3141059
3137207
3132862
3135742
3135488
3134749
3139235
3141277
3137291
3136046
3132357
3138100
3132994
3132683
3132482
3135709
3139680
3132289
3132764
3136020
3138659
3135267
3138052
3138676
3139858
3134432
3136907
3138185
3132381
3133051
3138505
3141351
3135476
3136074
3136417
3139868
3134976
3138766
3133387
3138727
3133883
3134060
3139899
3137422
3138961
3137317
3135350
3139943
3133143
3132621
3134628
3135278
3133801
3139663
3138640
3139514
3136933
3135096
3133839
3133712
3135218
3141188
3134558
3135591
3139963
3133238
3139081
3140224
3138863
3135695
3138536
3136330
3137302
3139887
3136765
3134635
3133926
3133880
3135889
3132292
3137169
3133053
3137992
3134353
3136201
3133488
3140561
3140354
3139389
3135156
3134794
3132520
3133453
3134439
3135999
3139845
3137715
3134869
3138155
3135045
3131671
3137067
3134977
3136891
3134962
3136021
3134997
3140947
3140120
3136019
3135007
3137239
3132960
3132622
3141109
3136855
3134732
3134645
3136438
3132525
3136127
3135356
3137773
3139300
3136119
3133479
3141202
3139915
3131445
3135208
3138047
3133235
3132817
3140069
3138106
3132530
3139482
3141036
3134701
3135672
3139940
3141013
3141157
3139835
3137739
3140058
3136442
3138084
3140802
3131713
3135723
3140218
3135755
3137265
3133701
3133999
3139446
3139666
3134570
3131681
3131452
3136562
3137353
3137774
3137078
3135905
3137718
3135290
3133271
3131417
3141028
3137497
3134472
3138463
3134865
3133643
3139513
3137090
3137394
3139212
3140700
3140975
3138508
3131886
3133991
3132736
3134753
3137977
3134918
3132618
3134143
3132647
3140677
3133544
3140519
3137023
3134428
3134369
3139830
3133802
3139619
3138262
3131406
3136426
3133146
3140127
3131586
3140034
3139237
3134834
3137246
3138856
3139031
3132656
3132581
3131846
3137514
3140995
3136682
3137027
3134562
3140072
3135367
3138099
3139609
3136493
3133580
3141018
3133746
3137856
3140859
3134505
3131831
3131415
3131506
3133065
3137136
3138889
3133905
3139822
3140920
3133653
3139473
3136705
3138196
3135680
3138911
3136476
3141035
3140592
3136819
3134879
3134974
3135054
3131799
3135584
3136945
3140923
3138054
3140136
3136308
3136608
3132180
3140705
3140236
3138164
3141232
3139436
3134457
3138651
3135985
3132999
3133178
3134247
3133033
3138243
3131663
3131493
3133027
3140976
3134773
3138083
3131871
3140148
3135565
3132028
3136197
3132221
3134282
3138930
3134059
3139197
3139195
3134828
3139025
3131953
3140299
3138210
3131728
3136279
3138012
3133826
3137104
3131448
3137645
3138734
3135376
3137281
3138350
3138697
3139902
3138939
3137047
3139653
3139378
3134842
3139041
3140070
3133644
3138395
3139038
3133165
3134515
3137128
3139066
3137784
3136961
3139283
3132539
3140973
3135061
3132965
3134198
3137710
3139907
3133929
3137552
3133179
3136354
3135079
3136852
3132605
3141199
3137165
3134717
3131409
3140469
3134000
3132754
3132463
3137897
3135701
3137581
3135772
3132990
3137550
3137770
3137112
3140574
3140312
3140343
3140735
3132469
3133367
3139030
3140340
3138268
3136495
3136251
3141040
3137020
3140344
3138832
3139866
3140911
3133716
3132757
3138062
3140156
3141322
3135785
3132172
3138714
3132576
3138236
3135744
3136209
3137691
3131934
3139201
3135459
3134730
3132714
3131705
3136660
3138918
3131444
3135491
3136333
3137731
3131405
3137600
3136665
3132831
3135580
3136799
3134616
3138544
3140462
3141038
3138378
3140468
3137364
3139873
3140353
3139249
3134340
3140095
3133496
3134096
3141333
3136055
3139549
3135148
3141145
3138319
3137055
3140054
3131947
3131439
3139271
3137828
3137168
3141023
3133901
3139216
3139970
3135575
3140186
3138629
3137149
3133754
3134437
3137859
3139634
3134185
3133196
3134580
3140290
3132456
3141265
3135413
3140443
3133036
3132604
3137821
3140926
3134133
3138399
3137833
3136428
3135146
3137538
3132427
3134603
3136416
3131408
3136677
3136304
3131954
3133125
3138953
3140159
3136388
3134524
3136743
3137272
3136849
3135833
3137797
3131714
3133993
3135210
3133497
3134169
3133474
3140351
3134503
3132761
3134596
3132531
3140913
3132364
3137805
3131881
3137022
3131528
3137682
3137963
3132323
3132782
3131427
3137451
3137509
3138971
3140604
3140600
3138093
3132540
3139320
3141328
3139929
3139221
3136978
3134966
3133400
3136754
3133720
3137004
3140856
3132516
3139576
3132545
3140632
3138865
3141310
3133693
3138861
3134509
3140711
3140176
3132007
3135416
3139678
3138691
3138300
3131440
3133937
3137482
3138322
3137744
3140860
3140055
3141339
3133931
3131477
3131667
3138498
3139407
3138336
3132610
3135756
3132005
3133059
3141056
3138614
3137557
3132310
3134085
3139812
3138887
3138983
3135057
3135050
3135469
3135109
3136323
3139136
3138157
3137440
3132768
3137558
3137216
3139475
3132894
3132799
3140302
3134286
3138502
3131644
3132121
3137556
3134209
3132480
3139293
3139447
3132299
3139012
3133428
3135302
3133667
3137161
3140932
3132214
3140714
3141124
3136404
3134386
3134447
3137944
3136793
3136409
3134318
3132263
3131629
3135632
3136811
3136443
3131807
3135047
3132308
3139079
3132050
3133337
3133405
3135835
3140800
3139938
3132421
3135244
3134338
3134396
3137746
3137870
3134120
3140804
3139207
3133052
3134298
3135969
3131607
3133330
3132595
3137421
3134115
3139610
3133187
3131442
3134917
3131791
3138903
3137984
3133757
3138820
3137010
3132030
3138762
3138398
3133867
3137403
3132331
3138036
3139755
3135083
3135283
3131596
3136228
3137838
3137153
3132492
3136231
3134567
3134014
3133244
3133808
3131569
3138525
3132528
3133508
3137079
3138806
3132047
3137448
3135216
3138359
3141291
3138928
3133742
3134122
3138013
3134403
3137471
3133622
3139158
3136511
3140181
3139133
3132677
3134653
3132668
3132240
3132232
3134887
3134987
3133986
3131866
3139548
3138686
3131974
3141111
3135971
3135319
3132996
3138638
3137575
3140572
3133086
3137535
3133241
3132737
3136159
3140128
3131661
3137865
3137395
3139936
3141155
3133509
3132774
3132420
3139956
3140041
3139926
3135131
3135851
3139233
3132883
3132870
3133723
3139748
3137069
3132246
3141091
3132633
3139135
3140426
3137611
3134830
3137962
3141170
3131771
3137516
3131848
3133863
3133004
3138009
3138743
3139495
3140420
3135800
3132080
3136134
3132502
3133832
3132258
3138048
3140815
3140313
3134691
3135846
3135852
3133567
3135395
3134149
3138316
3138465
3140291
3140399
3139316
3137524
3140411
3137276
3139096
3133346
3131723
3134489
3136841
3134370
3137689
3139540
3132290
3135996
3137961
3137268
3140754
3137634
3135442
3133672
3133339
3135484
3137093
3138513
3140603
3134278
3134961
3132961
3134508
3133663
3137576
3139343
3134793
3140693
3139196
3132277
3138376
3132113
3134689
3134861
3133485
3140110
3135751
3134713
3138789
3135481
3137503
3141330
3136937
3138370
3137411
3135752
3139129
3135077
3141047
3139707
3134846
3140035
3134004
3139893
3133846
3139683
3138792
3135245
3139141
3134412
3139877
3134964
3134005
3136125
3136242
3137542
3139394
3137686
3134441
3132912
3132800
3132898
3135089
3138386
3132578
3133681
3135920
3140861
3139148
3132120
3132950
3134201
3140518
3134837
3140476
3137473
3136316
3136931
3132010
3134327
3136478
3136680
3135834
3134088
3133192
3139662
3137413
3138256
3140983
3135984
3135137
3141276
3140619
3133686
3135455
3136720
3137587
3135132
3132114
3135360
3137385
3136640
3136357
3135303
3133306
3134041
3132415
3133528
3136331
3137431
3139211
3135837
3131986
3134341
3138947
3141239
3136524
3135427
3132740
3140598
3131741
3135125
3138142
3134135
3134699
3135498
3135318
3132066
3131670
3135111
3133451
3136542
3139399
3133035
3138027
3139798
3139395
3136208
3140102
3131921
3134721
3140942
3138020
3135618
3131691
3136568
3139275
3137179
3137707
3138818
3131976
3138103
3140542
3141130
3140243
3134255
3138166
3138248
3137877
3132947
3132897
3136860
3139299
3140549
3132779
3137231
3136828
3132790
3139988
3135386
3135798
3133830
3139254
3132639
3139114
3136096
3134727
3139673
3132379
3135740
3133834
3134389
3140461
3139827
3133188
3136387
3140484
3135589
3139589
3137573
3134121
3138713
3135739
3137871
3136082
3135103
3137062
3136470
3134565
3132511
3131878
3137764
3137968
3140479
3140349
3131593
3135736
3136312
3139134
3131985
3138438
3132629
3140428
3139202
3132388
3132703
3132786
3135925
3132705
3133181
3137163
3131519
3134239
3138689
3140004
3131902
3138550
3139854
3134158
3134540
3133275
3139199
3137243
3135240
3134778
3132079
3140094
3135970
3136574
3140864
3138527
3133977
3136727
3137274
3138901
3133819
3134631
3139797
3141153
3134978
3139497
3136505
3138695
3132785
3136894
3138212
3139913
3134467
3133515
3139567
3141195
3132029
3132413
3141312
3140742
3135729
3139258
3134003
3132123
3131861
3140558
3139741
3135044
3136352
3133793
3135152
3136701
3137659
3141363
3133462
3136314
3137500
3139172
3134119
3136626
3134908
3140193
3134256
3133870
3134620
3140229
3132760
3138067
3134454
3138167
3133207
3139499
3137396
3138447
3140746
3132370
3132243
3133095
3140575
3134563
3140093
3134440
3134079
3135652
3140601
3140025
3132688
3139904
3134694
3137502
3132101
3132942
3133047
3137680
3137479
3133205
3138444
3133875
3135621
3132534
3134905
3136833
3135595
3136733
3131777
3136557
3132602
3138279
3134468
3134230
3138771
3137174
3134254
3131940
3139337
3139575
3132306
3138347
3135806
3140283
3140520
3134979
3140099
3132053
3131910
3137699
3133542
3138327
3140999
3131521
3132043
3140180
3131473
3140796
3141088
3140045
3139674
3135323
3139557
3140061
3141252
3136617
3139921
3141031
3138849
3137356
3131952
3135728
3132090
3132811
3140623
3137776
3139057
3135616
3141101
3136770
3134206
3140413
3132416
3139670
3135072
3140824
3133952
3136336
3141289
3137137
3137661
3138105
3140797
3138548
3139336
3136280
3140624
3135668
3135714
3137585
3139852
3135055
3133597
3136851
3137927
3137299
3135038
3139565
3132507
3141074
3139596
3133583
3138305
3136487
3139184
3139960
3136538
3138344
3132770
3133005
3139187
3133255
3134317
3131852
3138480
3139433
3138683
3138352
3131689
3133212
3136926
3135532
3138882
3132771
3132267
3139322
3133771
3138449
3140612
3131453
3136266
3136954
3137986
3133721
3141213
3131394
3133465
3141085
3131391
3140459
3140252
3137407
3136031
3137543
3140124
3136763
3136064
3136379
3136631
3131678
3136396
3136348
3135684
3139002
3135085
3138189
3134685
3141321
3138741
3133058
3132682
3140324
3138543
3134984
3135345
3136644
3137156
3140717
3140300
3139942
3133725
3138427
3141008
3131809
3138080
3140963
3139579
3135516
3134499
3133741
3136306
3134017
3132613
3134433
3140050
3132361
3138582
3134267
3138935
3137873
3136007
3138324
3133573
3134455
3132194
3137892
3140588
3132503
3132987
3137723
3134497
3135392
3135894
3132020
3140334
3131743
3133480
3139423
3138994
3137337
3138420
3136092
3133011
3141295
3135186
3137736
3135771
3132924
3135942
3141190
3132711
3131747
3138515
3139302
3138728
3140622
3139458
3136878
3139284
3137607
3140189
3137203
3139591
3137637
3131579
3134576
3133973
3133445
3131734
3140593
3137221
3137186
3139744
3136585
3133101
3141283
3136525
3133419
3134900
3131841
3138981
3136694
3131601
3133016
3134878
3132470
3135839
3139410
3138297
3134680
3131758
3136150
3133092
3140795
3133763
3134874
3141176
3141327
3138123
3140770
3140267
3139183
3133503
3131487
3136094
3133151
3139581
3139412
3131399
3139061
3133307
3134069
3140897
3139865
3133894
3135339
3132359
3132105
3136708
3133740
3136892
3135625
3139083
3132751
3135813
3135362
3136606
3134292
3136356
3137644
3134191
3140086
3133869
3132255
3135172
3139805
3138211
3139505
3134095
3138461
3132107
3134502
3138278
3136367
3133296
3141209
3134904
3132461
3135856
3135829
3133645
3137700
3134164
3133024
3135823
3132793
3132788
3135611
3132393
3137812
3140869
3137476
3134859
3140948
3137758
3135730
3137763
3139204
3135199
3134070
3134534
3137706
3135939
3135457
3135745
3133594
3134624
3132929
3133142
3141222
3141110
3131451
3133838
3139218
3138987
3137507
3141217
3136298
3134376
3138421
3135868
3138942
3133514
3135463
3136521
3133841
3140908
3133985
3131737
3135676
3141278
3132024
3139315
3132457
3137297
3139516
3132655
3138499
3141117
3135188
3141281
3133447
3140232
3136320
3135869
3140645
3136259
3131862
3133842
3139314
3137650
3139219
3137059
3134151
3133604
3141095
3136124
3136097
3139402
3136990
3132892
3137344
3138497
3136440
3138908
3135496
3135126
3135795
3133608
3136615
3131653
3140825
3136180
3141313
3132728
3131832
3133556
3136342
3133775
3133792
3138349
3135993
3138260
3137475
3134940
3135660
3138581
3138990
3132935
3131449
3134378
3138742
3137180
3136267
3134362
3133492
3136832
3140315
3140689
3134036
3139317
3139784
3140149
3136321
3134851
3134174
3132903
3135650
3135662
3139287
3132138
3134714
3138674
3136835
3137071
3135697
3133631
3133418
3141163
3131991
3136897
3135286
3139139
3137816
3141326
3135912
3134307
3137204
3136940
3136062
3137955
3136529
3134507
3135845
3134693
3138111
3141248
3140855
3136684
3131717
3139918
3138328
3139070
3131430
3139344
3138055
3137034
3131744
3135363
3140485
3136143
3132863
3140749
3135334
3139385
3137387
3139060
3137676
3132867
3133383
3136592
3140028
3133910
3137129
3137632
3137381
3136910
3136556
3136695
3135926
3134147
3132523
3135776
3133677
3134128
3138146
3140087
3136859
3138214
3137620
3137495
3136805
3132810
3137711
3139808
3136422
3140803
3140683
3132681
3131822
3133000
3131625
3133202
3137845
3137342
3136775
3131830
3140521
3134839
3140951
3131801
3133504
3134361
3138523
3137652
3137493
3138652
3139003
3134606
3140397
3138000
3133426
3134240
3133825
3141125
3138191
3140051
3136580
3135572
3136130
3133309
3138736
3138145
3132087
3135071
3140873
3131523
3140188
3138561
3137777
3135862
3133768
3139189
3137803
3136967
3135144
3136307
3135306
3139947
3140307
3132297
3136678
3134105
3137669
3132096
3134010
3136958
3136434
3135525
3134470
3131981
3137327
3138130
3135012
3133293
3140621
3141240
3131526
3132479
3135801
3133214
3141158
3135324
3140590
3135174
3135782
3135626
3134811
3140172
3139855
3133291
3131790
3139349
3137684
3141227
3139911
3135365
3138533
3138701
3136400
3133044
3137810
3132365
3134259
3140434
3134599
3137862
3137255
3138156
3136191
3137793
3135792
3135322
3139043
3138456
3134199
3136349
3138258
3139700
3139545
3135182
3139968
3135167
3140509
3132930
3140889
3133864
3135259
3131639
3140109
3131931
3139462
3133424
3140681
3138069
3131665
3136740
3137419
3135759
3139374
3138553
3138964
3135854
3140977
3139971
3141194
3134601
3140830
3137009
3135253
3136649
3137099
3133285
3137490
3140739
3141061
3132409
3136980
3140005
3139014
3138966
3137117
3134765
3135746
3133251
3141241
3134571
3133954
3137811
3134815
3135282
3139118
3139487
3131851
3133333
3132727
3137605
3131746
3138112
3140432
3140276
3132414
3136785
3134178
3131464
3137258
3139572
3132031
3136862
3131456
3134899
3136110
3137230
3136601
3138500
3134063
3140596
3133382
3133456
3138880
3138700
3140833
3132122
3139766
3131911
3131554
3132787
3135962
3134554
3136517
3141118
3140078
3135509
3139408
3135699
3132226
3135549
3138710
3138445
3136655
3137813
3134399
3138723
3139932
3138958
3133152
3135361
3135335
3139757
3135317
3132854
3133860
3131573
3140863
3131478
3138124
3136514
3137303
3134711
3133523
3140543
3134131
3134882
3133943
3138672
3139984
3138233
3132918
3134608
3132555
3138058
3136146
3133831
3135227
3138387
3139720
3138934
3136490
3134909
3133002
3140838
3137876
3140510
3138364
3133354
3140048
3132937
3140566
3137260
3137358
3138517
3140477
3132337
3137900
3134329
3140362
3134266
3139840
3133637
3131627
3141016
3137300
3139606
3131463
3132839
3132741
3132524
3133538
3138193
3136032
3140896
3134145
3133997
3132920
3138109
3138729
3132573
3138715
3135667
3133659
3137954
3138916
3137122
3137229
3134792
3136095
3140692
3134302
3137048
3141362
3139142
3138535
3139677
3136381
3136903
3138428
3132648
3137908
3136880
3138730
3133431
3135136
3132592
3136949
3137907
3134972
3140323
3136503
3136867
3134858
3139967
3134821
3132795
3137456
3139124
3131936
3141308
3134673
3136135
3141191
3140043
3137025
3137334
3133697
3133321
3133284
3133924
3131796
3133626
3132500
3138870
3133385
3132842
3131908
3135276
3137563
3132353
3134280
3134320
3132417
3131819
3135523
3135647
3131937
3133674
3140918
3139323
3135753
3139705
3141267
3136219
3135257
3138206
3134896
3131793
3135123
3139191
3135181
3135840
3132465
3135430
3140449
3138443
3135492
3131623
3136137
3132038
3137284
3137698
3137681
3141311
3139251
3140155
3137614
3133549
3137483
3131620
3140319
3132394
3141120
3132271
3136989
3135451
3135094
3136919
3132040
3133468
3139937
3134225
3132708
3136380
3140630
3136163
3140811
3132248
3134914
3132966
3137757
3135381
3136141
3131944
3137036
3134952
3137399
3140657
3136712
3135918
3140251
3135872
3132488
3131982
3138846
3141360
3132265
3133833
3135423
3134549
3141012
3131719
3136659
3136351
3138946
3140836
3139307
3140065
3140618
3134853
3140425
3139671
3140269
3133526
3132254
3138673
3136801
3137157
3138046
3138257
3134988
3132477
3138547
3137138
3140071
3141216
3141098
3132432
3135566
3136177
3137832
3135617
3135261
3137647
3131628
3131457
3133996
3133630
3131560
3135475
3136566
3139888
3132953
3133899
3140260
3136006
3137595
3134687
3136519
3137646
3132018
3141102
3140540
3133628
3134132
3131634
3140662
3138032
3133707
3140701
3134919
3139693
3137983
3135183
3137737
3136742
3136619
3132735
3137232
3134246
3135807
3140934
3138485
3141352
3131755
3132625
3132804
3132493
3137902
3137049
3136044
3141057
3134365
3133068
3140950
3132447
3135938
3132032
3135117
3131779
3133340
3138394
3136654
3138940
3136419
3134539
3133687
3133805
3133392
3135624
3134138
3131745
3134107
3140961
3136281
3138265
3137896
3131811
3141290
3140316
3131673
3140916
3136518
3131466
3137041
3136648
3134999
3139846
3138549
3134948
3134848
3136234
3139453
3134572
3132063
3138261
3133812
3135053
3138594
3134546
3139552
3139286
3139239
3139985
3136873
3131880
3133702
3133968
3132314
3140098
3133303
3135304
3140317
3135041
3140322
3132485
3137705
3134245
3136018
3134152
3140787
3138496
3135191
3139502
3138425
3132661
3135864
3138529
3137446
3132909
3132478
3140508
3137373
3134148
3135431
3137667
3133913
3137569
3132205
3133735
3140305
3132440
3138637
3135658
3139252
3138923
3136178
3141341
3133090
3131888
3135377
3135487
3138589
3140633
3139420
3134372
3139092
3136325
3131763
3134845
3132048
3139289
3136950
3135542
3136927
3134464
3136071
3133912
3134274
3132127
3141066
3132380
3132333
3139464
3131485
3132979
3138215
3139109
3131472
3132871
3140200
3136029
3139367
3138812
3132174
3132407
3139632
3133713
3132985
3137016
3140275
3132328
3133115
3140402
3137415
3139000
3139039
3139479
3132652
3134681
3135783
3140887
3135206
3139021
3138397
3135405
3133221
3134737
3133884
3136025
3137889
3139328
3131435
3133042
3131538
3140171
3135685
3131707
3137263
3140709
3136526
3132102
3136802
3136437
3133596
3135262
3131480
3138298
3138270
3135222
3138120
3132868
3133651
3133965
3133048
3135675
3138962
3133534
3132197
3133121
3132347
3137070
3133858
3136882
3136395
3137335
3132261
3135890
3139624
3131562
3132201
3135930
3135983
3134654
3139243
3132756
3132448
3140164
3138602
3138391
3134781
3139008
3136968
3134334
3138562
3138453
3141187
3135641
3133911
3132993
3132011
3140637
3135434
3132322
3135226
3138867
3138039
3140264
3135187
3132515
3141003
3136338
3133140
3135598
3135877
3132012
3138559
3135221
3135486
3135435
3132117
3131668
3137379
3136099
3139849
3134862
3131683
3139994
3137434
3133994
3134619
3138091
3140091
3132738
3139508
3133646
3137021
3137809
3139232
3140906
3138696
3134453
3136658
3138332
3138175
3131912
3141285
3135768
3132218
3134519
3132557
3135708
3139480
3139659
3132239
3134649
3137481
3134100
3135248
3132207
3136455
3139164
3132008
3139944
3133892
3140491
3134415
3131995
3137391
3138095
3134284
3139716
3139834
3135608
3140073
3139301
3137304
3135351
3140943
3135104
3140183
3139983
3137463
3136745
3140924
3140573
3139026
3137485
3135105
3132566
3138782
3138239
3134747
3139934
3135546
3140346
3141107
3140956
3134351
3133257
3141207
3134057
3137441
3132958
3131972
3131509
3132009
3135130
3131492
3138670
3134943
3135538
3133776
3135353
3138471
3135119
3136921
3137825
3141007
3140074
3136780
3141273
3141017
3135707
3136056
3132036
3138153
3133084
3139917
3136717
3140663
3139013
3135214
3138108
3138874
3140529
3136825
3136435
3133584
3138192
3140130
3136263
3134456
3131631
3141274
3139554
3137226
3136275
3134288
3140475
3132841
3140715
3140743
3136079
3139326
3141154
3135982
3135670
3140716
3135501
3137947
3137340
3138267
3138900
3134495
3141144
3137089
3133541
3140744
3132049
3133975
3136461
3141063
3140337
3139979
3135163
3134450
3135613
3133772
3132283
3135298
3140954
3138886
3134716
3134301
3140857
3139438
3138776
3135569
3132054
3134932
3135694
3135425
3135337
3140498
3136692
3133356
3137467
3136735
3140985
3140088
3135039
3137850
3138355
3132686
3132148
3136679
3140664
3139246
3133915
3137370
3133113
3133633
3138726
3131462
3140053
3132667
3139206
3139157
3141247
3136202
3140199
3134406
3139342
3138680
3138532
3136834
3136924
3135141
3136156
3136800
3136760
3132296
3139455
3138735
3137974
3133436
3137261
3134343
3139996
3139152
3133980
3138338
3135062
3131767
3137571
3132132
3138884
3137598
3138016
3133501
3137547
3135280
3139295
3133822
3135992
3140763
3133824
3139862
3133131
3141097
3133610
3137629
3138893
3139782
3136184
3138280
3135900
3134625
3132701
3136826
3133599
3131588
3132389
3138822
3139665
3133252
3139179
3133268
3133425
3136002
3133586
3135409
3133797
3136699
3132968
3137523
3139415
3133136
3139444
3133934
3140759
3134757
3139474
3133135
3132238
3132752
3131839
3138607
3132665
3135933
3137444
3135338
3134789
3139615
3140881
3136783
3140137
3133066
3136935
3133026
3133124
3131997
3134040
3136256
3135446
3140732
3140862
3139380
3132249
3137496
3134118
3139406
3141220
3141141
3140433
3140581
3132844
3133312
3138389
3133169
3131797
3133781
3131505
3133576
3137014
3131958
3131969
3137248
3132522
3135979
3140147
3132872
3137525
3133297
3132192
3140523
3132019
3137779
3135428
3136171
3132981
3132940
3132626
3132193
3140453
3133046
3140403
3139428
3137058
3136952
3136474
3132262
3133539
3133148
3139186
3136831
3139800
3137935
3133845
3139354
3133014
3137693
3140383
3139710
3134027
3133803
3136998
3131742
3140038
3140730
3141350
3131481
3139525
3140037
3133552
3138188
3138004
3136788
3139754
3135382
3136216
3137195
3140007
3134404
3135770
3134166
3137368
3137271
3133685
3132899
3139592
3134597
3140106
3137925
3131574
3138956
3138932
3136239
3135968
3136923
3132159
3138006
3134422
3132767
3137610
3132298
3131939
3140784
3136011
3137339
3132301
3134675
3140352
3131551
3140649
3134012
3134283
3136036
3137847
3132229
3135719
3137578
3135429
3136579
3140454
3131531
3140451
3133879
3140263
3134521
3140635
3134401
3140675
3131786
3136657
3140143
3137102
3136639
3134397
3132278
3137771
3141161
3133551
3134163
3138569
3136918
3138096
3138207
3132986
3137966
3135536
3131803
3133733
3136139
3137470
3135022
3133916
3139594
3134609
3138230
3137688
3135789
3134622
3134838
3139999
3132429
3132508
3133050
3138377
3136028
3140372
3136502
3131645
3141075
3135557
3139558
3138368
3134349
3140769
3136500
3137308
3139906
3139071
3136412
3134809
3139745
3137626
3140691
3133018
3135849
3131495
3132552
3135551
3136598
3135588
3132969
3135517
3138991
3133411
3133180
3133116
3138711
3135441
3134287
3137841
3140092
3140765
3132601
3139059
3140281
3138625
3136174
3140506
3133216
3135352
3137747
3131804
3138745
3135734
3137445
3138801
3139460
3140250
3137745
3131694
3140182
3138183
3135124
3141371
3133123
3137780
3141376
3135737
3133393
3133269
3138708
3138976
3141119
3140336
3135296
3134086
3139820
3133714
3139356
3136877
3133274
3134561
3138580
3139439
3134312
3132926
3139734
3136797
3140656
3134993
3139296
3136155
3136594
3137426
3138915
3139063
3133566
3131882
3134953
3137133
3138706
3132939
3133547
3135687
3132843
3139350
3138149
3139049
3137668
3137567
3140939
3132873
3135196
3136310
3133072
3140842
3134956
3131447
3141353
3138925
3133872
3135552
3140297
3135390
3135036
3135472
3136115
3134276
3138658
3139386
3132295
3140447
3139459
3132143
3137143
3137545
3132623
3133728
3134395
3138010
3138203
3140492
3136962
3134188
3137829
3137499
3131622
3132880
3132183
3136545
3133823
3139297
3135545
3139563
3140704
3133360
3131709
3131488
3139145
3133678
3132203
3133887
3137202
3136083
3135718
3137196
3134092
3131547
3136664
3134285
3138802
3135646
3133416
3133505
3138122
3140989
3132210
3133013
3139400
3137267
3137094
3140215
3131816
3135666
3134257
3136100
3140667
3135961
3138959
3139571
3141116
3134035
3133277
3140641
3135750
3136049
3132436
3141309
3139981
3138219
3140986
3133896
3138436
3132489
3132441
3136276
3141251
3140242
3137414
3138649
3136688
3134996
3137106
3133177
3141078
3133289
3131431
3139107
3134165
3140115
3133743
3136749
3137182
3134357
3138411
3136645
3137123
3139523
3134479
3132400
3134337
3137694
3135655
3136086
3139905
3137675
3133791
3134049
3139713
3133077
3139793
3132635
3135604
3134581
3134394
3141081
3135473
3137401
3135315
3135659
3139097
3139054
3140843
3133108
3141087
3133684
3133043
3135831
3137109
3138750
3141335
3135631
3133139
3131690
3134449
3135774
3134593
3135977
3140273
3133545
3139580
3139029
3137539
3139087
3136806
3139167
3133560
3134417
3132196
3135507
3140417
3136865
3131461
3141279
3140880
3137236
3140151
3139147
3135725
3139990
3139722
3139709
3134427
3139130
3133748
3132227
3138937
3140724
3136653
3138568
3139891
3139304
3134626
3138113
3132724
3135704
3140978
3135644
3132426
3134330
3133513
3132597
3131762
3132071
3135260
3132889
3137433
3134841
3135460
3132927
3134541
3140962
3140928
3132509
3133908
3140937
3135159
3138722
3133010
3134238
3140944
3134366
3135645
3134216
3140049
3138639
3138761
3135212
3139870
3133409
3139357
3133683
3134555
3134739
3137952
3135817
3137417
3131497
3135592
3133114
3132792
3133688
3140583
3136406
3136977
3135223
3134186
3137348
3139897
3140902
3133536
3139095
3141293
3140437
3140410
3136205
3139115
3139318
3132073
3136901
3139503
3135029
3140794
3131674
3137124
3132783
3137007
3139751
3138264
3136343
3137121
3133798
3136697
3135258
3135688
3136715
3133070
3135827
3134409
3140719
3134183
3135887
3132003
3134487
3137057
3135092
3131598
3131973
3134504
3137017
3137533
3135397
3133097
3136883
3139756
3137224
3137608
3131393
3137818
3138904
3140466
3137155
3135264
3134941
3133049
3133843
3139553
3140024
3132086
3133470
3131980
3138227
3131611
3136794
3139612
3131718
3140990
3137002
3137606
3133317
3140584
3132845
3132832
3135004
3132387
3136674
3141235
3132397
3131608
3140741
3136816
3138442
3132828
3135474
3137936
3139267
3137082
3136073
3140458
3134484
3139521
3140359
3133200
3133240
3131534
3132006
3135266
3131701
3141000
3139920
3140368
3138860
3132895
3136195
3140017
3141140
3138218
3136633
3136813
3133636
3137228
3134647
3135952
3137247
3139485
3138613
3139682
3141014
3131679
3135510
3131550
3132913
3134078
3138408
3137649
3138011
3134506
3131966
3134990
3139085
3135154
3135281
3132385
3134805
3135635
3137995
3133231
3138125
3138202
3132443
3133499
3140688
3137142
3138162
3134911
3138634
3132211
3137160
3138945
3134058
3132098
3138285
3133398
3133276
3137613
3131896
3132971
3138772
3140941
3139636
3139338
3137030
3134743
3141050
3141032
3138921
3137604
3134688
3135947
3134460
3135128
3133041
3133120
3132023
3136123
3132319
3136876
3135464
3138875
3132097
3138688
3139838
3141228
3132743
3135063
3140678
3136871
3134260
3132170
3139736
3139102
3136448
3136850
3140788
3139347
3139037
3138126
3131638
3132483
3139441
3135299
3136429
3131684
3137609
3135671
3134642
3138363
3139427
3133675
3140202
3137087
3133457
3133652
3136731
3136414
3139017
3140021
3140903
3133404
3133618
3140423
3134067
3140140
3132671
3138571
3133242
3137436
3140204
3135059
3141179
3136363
3138050
3132486
3132642
3133782
3134982
3133342
3141099
3136823
3141173
3134516
3134431
3138431
3138833
3141224
3132685
3132612
3138669
3134108
3141114
3136869
3140116
3132517
3140108
3132967
3141355
3138437
3133969
3137029
3138777
3140921
3132962
3132650
3137054
3141148
3132270
3134227
3140774
3138392
3138295
3133300
3132014
3133323
3136627
3136716
3134110
3134664
3139577
3137505
3133696
3131680
3134991
3134462
3134381
3132890
3135331
3140212
3139989
3139698
3139901
3138835
3140568
3137480
3136577
3131773
3139696
3134290
3132729
3136061
3132253
3138720
3131567
3139020
3135893
3139957
3134452
3139379
3136107
3134141
3140922
3138855
3137866
3138780
3138073
3141294
3138242
3133844
3136204
3140112
3133198
3140661
3137006
3135023
3131518
3132646
3137643
3134104
3133520
3134835
3135021
3133150
3135433
3137921
3135654
3141184
3132390
3137741
3137597
3136402
3135407
3138179
3136761
3132657
3138373
3141084
3136895
3131932
3136190
3136750
3140580
3140599
3136431
3137857
3137351
3132827
3131404
3134220
3135764
3137582
3140703
3131924
3133553
3140000
3139364
3135738
3131615
3132375
3136915
3137584
3137579
3135243
3132749
3137024
3139250
3141196
3136054
3134390
3134724
3135627
3141065
3136597
3140514
3136959
3137544
3134791
3133914
3138647
3132580
3132742
3136691
3140083
3139711
3135219
3140560
3131821
3132057
3135471
3138303
3132089
3136157
3134873
3140987
3135775
3132496
3132846
3136468
3138315
3131853
3136287
3135343
3135674
3138226
3138085
3140422
3133273
3136058
3141343
3139874
3137242
3135440
3134168
3131835
3138326
3133147
3135250
3133982
3134819
3134089
3140103
3136964
3132675
3140875
3139949
3138472
3140401
3139806
3141152
3135763
3132925
3139515
3140768
3139621
3131437
3134090
3134474
3131630
3136033
3140400
3134944
3134586
3131909
3133788
3132997
3137561
3137465
3135193
3136236
3132094
3140684
3134806
3139526
3133817
3140244
3131507
3139774
3134363
3135784
3134823
3136856
3138254
3133759
3134413
3138464
3132454
3132042
3140972
3136528
3137371
3138404
3135354
3132739
3140827
3134275
3135895
3136650
3134870
3136035
3136154
3139825
3133489
3131730
3136630
3133316
3140262
3132558
3141314
3138008
3136687
3135321
3141071
3138763
3131400
3138811
3138171
3135064
3140840
3138015
3132425
3135922
3133220
3138345
3140777
3140059
3132877
3135046
3137851
3134787
3133936
3137872
3132367
3136382
3139491
3136181
3134702
3139255
3140865
3139405
3140502
3139298
3134006
3139867
3133190
3135385
3140096
3137733
3134954
3134643
3134854
3136053
3133818
3140772
3132585
3139618
3138920
3140970
3138899
3134816
3131887
3136724
3135724
3139131
3137314
3140119
3135803
3132064
3140370
3134585
3135966
3136558
3140790
3134698
3136618
3138056
3136047
3138526
3133401
3132589
3138733
3132287
3132161
3137738
3135879
3139759
3131948
3139534
3141043
3136153
3134383
3136165
3131499
3135600
3137635
3136501
3135347
3137929
3140653
3137756
3136441
3140203
3132512
3138810
3134958
3137085
3137601
3139451
3135017
3138803
3138823
3141072
3140557
3131836
3134308
3136769
3133107
3137742
3141174
3134513
3135466
3138393
3138724
3141149
3134481
3138954
3137288
3135973
3133475
3140227
3139176
3140806
3139783
3140418
3140625
3134916
3139471
3136661
3135904
3134531
3132281
3132099
3134695
3139823
3132041
3134039
3138416
3139672
3133406
3131820
3132673
3137040
3134203
3137189
3139978
3132908
3135002
3138469
3137050
3134989
3138876
3132709
3138645
3133970
3138620
3135508
3139795
3137864
3133185
3137488
3135410
3134760
3137519
3138951
3135669
3139778
3138474
3135211
3137323
3137176
3136866
3133762
3131589
3133835
3136322
3138078
3134690
3135406
3137938
3134373
3132537
3133595
3140019
3132826
3135682
3135415
3132318
3140427
3139844
3136364
3133882
3137662
3136008
3136583
3136339
3136714
3132204
3139144
3133655
3139193
3135380
3137831
3136423
3140249
3132104
3138648
3134748
3132487
3132330
3138396
3135576
3133904
3137321
3135691
3131423
3140009
3133490
3136976
3135653
3137449
3140170
3140885
3138817
3132809
3140844
3134965
3140002
3134350
3136857
3139863
3135899
3137250
3136671
3137890
3139714
3136729
3131876
3133138
3132745
3134028
3141369
3134296
3131710
3139914
3138043
3133449
3134229
3131826
3133186
3136970
3136868
3137116
3135194
3134030
3133215
3134867
3139117
3137178
3138524
3131496
3137377
3137996
3132976
3134430
3139574
3135758
3139073
3133889
3132395
3133159
3133278
3137101
3139657
3137253
3133619
3140729
3141054
3137788
3138744
3140727
3135721
3140617
3134344
3135897
3139456
3139319
3141246
3135107
3132346
3134736
3139735
3132444
3133682
3140670
3132547
3138159
3135513
3137205
3132150
3139910
3132452
3132888
3132791
3134731
3134182
3133866
3137948
3139058
3138577
3135289
3133304
3138975
3139477
3134646
3134492
3134590
3136779
3132339
3137868
3137849
3135587
3131776
3131806
3139651
3138538
3138797
3136881
3137817
3139675
3140959
3137254
3135881
3134477
3133336
3139738
3138357
3132865
3133851
3138687
3139292
3139995
3138001
3139535
3141106
3131983
3140259
3133692
3132549
3135943
3136420
3139466
3137194
3136413
3140165
3137175
3137096
3134173
3131552
3132075
3133821
3137219
3132632
3134081
3138304
3134162
3131536
3137065
3139824
3139857
3131837
3137993
3134935
3136359
3132658
3140238
3136206
3140332
3138176
3134023
3133098
3136069
3136037
3140652
3133877
3133448
3132692
3139500
3139842
3137725
3132916
3135867
3138342
3139228
3131915
3134963
3132276
3139785
3139560
3137853
3132302
3134812
3132521
3132332
3133493
3135649
3131894
3137360
3135578
3141044
3131967
3135150
3139531
3138038
3136425
3137965
3134746
3132746
3139449
3140207
3140597
3138160
3139512
3131988
3134300
3136560
3135901
3138417
3132816
3138310
3140194
3138197
3135793
3133076
3135681
3140522
3140958
3134885
3138400
3140382
3140008
3140832
3137468
3131959
3140357
3140914
3138968
3137306
3141257
3134263
3136987
3133155
3137220
3141262
3132068
3132209
3139791
3133734
3137341
3139397
3134866
3131903
3132222
3138626
3136104
3139927
3134020
3135348
3140033
3137316
3133778
3136957
3139413
3134375
3131407
3139461
3137005
3138599
3137823
3133981
3136355
3135766
3134392
3141062
3139330
3141033
3136739
3135178
3136112
3131522
3132672
3140213
3131844
3132062
3131566
3133119
3137035
3131632
3131987
3137277
3137031
3137716
3134637
3140609
3133001
3133250
3137409
3134310
3132326
3138255
3139113
3134032
3134420
3140001
3135819
3132360
3138929
3140841
3138070
3133708
3136914
3135780
3136158
3141367
3135155
3132437
3133319
3134889
3139892
3133373
3139952
3131781
3136013
3135932
3134380
3140339
3133258
3140335
3139721
3137616
3139177
3133379
3133225
3134921
3141320
3137511
3137080
3139398
3132072
3136004
3140274
3141334
3135713
3136588
3140177
3133548
3137210
3136736
3132460
3141172
3134927
3136696
3135099
3138307
3132234
3133031
3137159
3139775
3133071
3136875
3138087
3135198
3132980
3136759
3138231
3137466
3132726
3136573
3135907
3136582
3138448
3136484
3134824
3139692
3139156
3141198
3141123
3135539
3137623
3135161
3136999
3136424
3138847
3134639
3139160
3135720
3139076
3135975
3131398
3138716
3140363
3139181
3135368
3135563
3135585
3137494
3134535
3141147
3135537
3137365
3133774
3137510
3135249
3135171
3134577
3135664
3137460
3137989
3131647
3134050
3136052
3133057
3138439
3131532
3132376
3132840
3133141
3136430
3137060
3134073
3136752
3138591
3138998
3137000
3139551
3134210
3137038
3133888
3132004
3133197
3137923
3139044
3138240
3140163
3136353
3135075
3135657
3132565
3131503
3134763
3131739
3135570
3136622
3135853
3139371
3133331
3138121
3134052
3138587
3140585
3138944
3135820
3135916
3137429
3131524
3136534
3135561
3140277
3131764
3136982
3138441
3133898
3131438
3135414
3134348
3133217
3133906
3139930
3137555
3140500
3134871
3138969
3135602
3137679
3137489
3132285
3141259
3131946
3136114
3132250
3139327
3138139
3136085
3140930
3132513
3141366
3134697
3134759
3138570
3131901
3136210
3132853
3137633
3136520
3136932
3132484
3139948
3131563
3134656
3139190
3135285
3134755
3131833
3139555
3133374
3140085
3139048
3133770
3138410
3136837
3136675
3138790
3132837
3132857
3137309
3139740
3136300
3137887
3137642
3140792
3137455
3134273
3131907
3132850
3140076
3140780
3136744
3138682
3135175
3132000
3133873
3141348
3131994
3138040
3132312
3134651
3131696
3140392
3136593
3134517
3132422
3137665
3137981
3132259
3135574
3136809
3137349
3132707
3138274
3134708
3137310
3134042
3134863
3138495
3136418
3133698
3140056
3140734
3132538
3132824
3131828
3140220
3140374
3135168
3133386
3138984
3137148
3137322
3138330
3138487
3140940
3133012
3140570
3136767
3136787
3131558
3134942
3134126
3140067
3131753
3136604
3133099
3131970
3132344
3137046
3133301
3136140
3139771
3136565
3140779
3137063
3136427
3136535
3132975
3136879
3136215
3140406
3133361
3137162
3135364
3138552
3139034
3139325
3131491
3135802
3137926
3136261
3140890
3135693
3134106
3136748
3137835
3138244
3135134
3137664
3136126
3138081
3135418
3136285
3133527
3136911
3134043
3132058
3141080
3138709
3137363
3133421
3131540
3136337
3134333
3134269
3136432
3136376
3134707
3134886
3134175
3134071
3132762
3136048
3132972
3134200
3139884
3131883
3131537
3134466
3136192
3132954
3131756
3136341
3135767
3137296
3131441
3136077
3134374
3134315
3136523
3135076
3140758
3133061
3133603
3140867
3137590
3136753
3140901
3136462
3132320
3141082
3133069
3133709
3138440
3136270
3138965
3134709
3131845
3137330
3134364
3135387
3133369
3132164
3133958
3134354
3132505
3138531
3136994
3138289
3141139
3135698
3135207
3136936
3138703
3138666
3134700
3139401
3139023
3141205
3138752
3132418
3133377
3137834
3137551
3139334
3138677
3140348
3141092
3135679
3139382
3141112
3137903
3134167
3132224
3134560
3138719
3135074
3141319
3135056
3140145
3131752
3138799
3132252
3134222
3136781
3137423
3133129
3133466
3137602
3141270
3134181
3131916
3135836
3132366
3139203
3141166
3135200
3135908
3133017
3139821
3132166
3140327
3137799
3133454
3138433
3137767
3137084
3139450
3140201
3132900
3136148
3136776
3139519
3136482
3137328
3140809
3137565
3136303
3135878
3134087
3135375
3138653
3136969
3139146
3138302
3133654
3137937
3135761
3133329
3132171
3135504
3138850
3131542
3138970
3133286
3138217
3135643
3134213
3138619
3133391
3131425
3140474
3136874
3134233
3140014
3136997
3139210
3131897
3138668
3133335
3138141
3134051
3133464
3131708
3140551
3138624
3140686
3132852
3134703
3137141
3141137
3138173
3135108
3136985
3133575
3133343
3131700
3138883
3138150
3136471
3137881
3136297
3132819
3136447
3134224
3141042
3140541
3132467
3133259
3138128
3132758
3139945
3138170
3137114
3134408
3139262
3135288
3131984
3136966
3132527
3140933
3136273
3134847
3134537
3136117
3140775
3133239
3135078
3140925
3134933
3138868
3134605
3139896
3140690
3136122
3139264
3139426
3138539
3140998
3136145
3133249
3135456
3140579
3141272
3141218
3138329
3137752
3138510
3139104
3140628
3134248
3138470
3138063
3137534
3134733
3138094
3136185
3139801
3134228
3131722
3137512
3139570
3132474
3135121
3139432
3132082
3136508
3134924
3133495
3131765
3133266
3139878
3132991
3132763
3136169
3132336
3134588
3136762
3137973
3137513
3132577
3132070
3132433
3137332
3138840
3136194
3134676
3136820
3134850
3132349
3133890
3137628
3136845
3135274
3134663
3140226
3134264
3135727
3135558
3140965
3139939
3134617
3138072
3138779
3140308
3140846
3133458
3135098
3140952
3141215
3140118
3132834
3138088
3131513
3132891
3132876
3133938
3139860
3135994
3140416
3131759
3131703
3134293
3132362
3135139
3133767
3133638
3134511
3136347
3135909
3139015
3132963
3139050
3141083
3139106
3132732
3139416
3138852
3138768
3138565
3132078
3133719
3139452
3135928
3134435
3136844
3136459
3136764
3137240
3133810
3139649
3136955
3136596
3132808
3134677
3136444
3136460
3135923
3131396
3132818
3137678
3132317
3136773
3136075
3137245
3132750
3136211
3135307
3139684
3138596
3138749
3133471
3140971
3138250
3131727
3132769
3135120
3140329
3137943
3139658
3134055
3139953
3136212
3133895
3132822
3132275
3132603
3139974
3135924
3139829
3136394
3136548
3138068
3135531
3137295
3133871
3134525
3140591
3133852
3132789
3133670
3134335
3140107
3140679
3133695
3134393
3131642
3140166
3134814
3133689
3138490
3137580
3138284
3140740
3140721
3134358
3136676
3140605
3131411
3139880
3134177
3141373
3136217
3133661
3138906
3137765
3138509
3133907
3136804
3138491
3131736
3134400
3134762
3136488
3132244
3131858
3136908
3132458
3134448
3132037
3132970
3133828
3138030
3140062
3132256
3140306
3139445
3140969
3135234
3136732
3135882
3139270
3138661
3135816
3131906
3131792
3133390
3138717
3139919
3140886
3132464
3138293
3140010
3133570
3139593
3132372
3132069
3134638
3135326
3132471
3132952
3137967
3137787
3136173
3137800
3133210
3138978
3133060
3131955
3138234
3134844
3137400
3131738
3137264
3134734
3137198
3134236
3139582
3139522
3133105
3137039
3139702
3140545
3135535
3134205
3138786
3131918
3140805
3135612
3132988
3131419
3134319
3136996
3137874
3138325
3135461
3134857
3140006
3132108
3140126
3134665
3132643
3131475
3136373
3139056
3132821
3140713
3141103
3136986
3131646
3133577
3134644
3138931
3139383
3135748
3135826
3135874
3136485
3133666
3138430
3134670
3138021
3135677
3135284
3134109
3136081
3139468
3132092
3132499
3137115
3134124
3135958
3132274
3131860
3139278
3141226
3134888
3135634
3137097
3135467
3140341
3133310
3133364
3135640
3134611
3140282
3139108
3133690
3140326
3137596
3136227
3139359
3139122
3132615
3137209
3138623
3139826
3140878
3132136
3135383
3137442
3133446
3136060
3141280
3140507
3133412
3139125
3139788
3132177
3138519
3131869
3136922
3136719
3139559
3139481
3131450
3132869
3136024
3139998
3138333
3133790
3131941
3138943
3137424
3134740
3141136
3139747
3139324
3140398
3133164
3137262
3135231
3140929
3138412
3138616
3132034
3136591
3132606
3131993
3137994
3135860
3137836
3136436
3133037
3139611
3134252
3137807
3140935
3137801
3132911
3138460
3135093
3131768
3133263
3139685
3138642
3135603
3139951
3133327
3135291
3132812
3134623
3135518
3139726
3140753
3137819
3133966
3135140
3135399
3134339
3139980
3141185
3133247
3134146
3141223
3139876
3136229
3137980
3138839
3140371
3139493
3135809
3133229
3138354
3134903
3131706
3133170
3139465
3131870
3135527
3138225
3131539
3137789
3136111
3140405
3137886
3135735
3138707
3140895
3135357
3136670
3133213
3133629
3141134
3138922
3134583
3140138
3137383
3139598
3137026
3135422
3138037
3140150
3140162
3132272
3132200
3141048
3133144
3134029
3132599
3135499
3137798
3135988
3134840
3136005
3140023
3136408
3131433
3141150
3137517
3132371
3140547
3133171
3138339
3138457
3140781
3133517
3131659
3132881
3138873
3133270
3135931
3133705
3132955
3133581
3133753
3138178
3138583
3136614
3137899
3136642
3140651
3136398
3133605
3138205
3133459
3136278
3133094
3132343
3139725
3133919
3132374
3139595
3132329
3137355
3140835
3137858
3135906
3135336
3137814
3140687
3138604
3136288
3140018
3136683
3135133
3133347
3131591
3136479
3133083
3135005
3132027
3138957
3140882
3137457
3132251
3133096
3135848
3133176
3134407
3138407
3139539
3132637
3140304
3132236
3137572
3135519
3134798
3131455
3134955
3136161
3131395
3138598
3139225
3134015
3131927
3139933
3133903
3136103
3134817
3132162
3137292
3138446
3136198
3135251
3138894
3136362
3137301
3135528
3132348
3131420
3133413
3139504
3139903
3136610
3137361
3134241
3132664
3136089
3136243
3141021
3132706
3138468
3133502
3140648
3133945
3133184
3138051
3138622
3136575
3136385
3133704
3135177
3140404
3140823
3136384
3138871
3139377
3135138
3133478
3135915
3134084
3140345
3137405
3135203
3134134
3135949
3134136
3139335
3138296
3138845
3136728
3134758
3136973
3131617
3134498
3131577
3135086
3135991
3134009
3131549
3140472
3136944
3137487
3137486
3137171
3140607
3139536
3131421
3131616
3139790
3140528
3137331
3139040
3131640
3137956
3136335
3132074
3139331
3137013
3136586
3134102
3138138
3140849
3140385
3140655
3136050
3139954
3135951
3137438
3133606
3135116
3137553
3134172
3140837
3136561
3138830
3139520
3133665
3135213
3136345
3138556
3134352
3139959
3140495
3135596
3140311
3139310
3138885
3134951
3137392
3132813
3133750
3135777
3134486
3133262
3131766
3132949
3136564
3132017
3138844
3133087
3136790
3137826
3133067
3131557
3139794
3134790
3139588
3140564
3135568
3133102
3139628
3132100
3141026
3135495
3138429
3132130
3135929
3134170
3133172
3132176
3135547
3133460
3134807
3141169
3136792
3132015
3136600
3136635
3133384
3139661
3132694
3139274
3134922
3132468
3134297
3132476
3138071
3135956
3133006
3138592
3141346
3136930
3138601
3139261
3135158
3136151
3137654
3140550
3137019
3138154
3138636
3140456
3138738
3139231
3139656
3140100
3136393
3141271
3139411
3134324
3133794
3133752
3135678
3139811
3132630
3134031
3135934
3140217
3139355
3139568
3138118
3134140
3140966
3133314
3137964
3137498
3131459
3134214
3131470
3136233
3138135
3136904
3133265
3140531
3136899
3134436
3140615
3135000
3135651
3139178
3138318
3134610
3133283
3139586
3140504
3132617
3133234
3138200
3136791
3137655
3135981
3133948
3133609
3138492
3138041
3140957
3133106
3139086
3135379
3136836
3139119
3133372
3141146
3141055
3135027
3141287
3137754
3136286
3135917
3132035
3135493
3138034
3137749
3132634
3137077
3133591
3134744
3134459
3139889
3132548
3137630
3133100
3140314
3136147
3132723
3139409
3140537
3141253
3140626
3134678
3139494
3133925
3139742
3138528
3137170
3134754
3140191
3139360
3134803
3134876
3138409
3139126
3140381
3133075
3135220
3139841
3134033
3138999
3141201
3139391
3137960
3136737
3140205
3141375
3133562
3133403
3133439
3138053
3136814
3134442
3131584
3137280
3135389
3138223
3134598
3136327
3139138
3140879
3137672
3141264
3135384
3137273
3131733
3140553
3137842
3138950
3136132
3132052
3135661
3136988
3138712
3138905
3141168
3138813
3132335
3132173
3136551
3139266
3137131
3131996
3138172
3133441
3138788
3139443
3131692
3131849
3138181
3138476
3140015
3135954
3134491
3140785
3132575
3140285
3141076
3138301
3137529
3140817
3135788
3133298
3139762
3137562
3139532
3135025
3138739
3136539
3139309
3138862
3132181
3132859
3138065
3138848
3138936
3140206
3134923
3131724
3141298
3139752
3133941
3139646
3135710
3138169
3138890
3134657
3136916
3136170
3138609
3132697
3138331
3132190
3131517
3132759
3140298
3137685
3140526
3136576
3136152
3132542
3138698
3136254
3136928
3138825
3132814
3133380
3135760
3140812
3139792
3139429
3134985
3132594
3133891
3132923
3134696
3133368
3141237
3137840
3140490
3132941
3138551
3141127
3133923
3140665
3135333
3136386
3137913
3131468
3135743
3136623
3139527
3131808
3134258
3131864
3131904
3137880
3131933
3139607
3137985
3140738
3133415
3136913
3138681
3137530
3138755
3135394
3138869
3137177
3132905
3138014
3141301
3139390
3131823
3133175
3135712
3139151
3132830
3131546
3138631
3134371
3133918
3136026
3132163
3132475
3139973
3135106
3137113
3133773
3140854
3136244
3139769
3133370
3133621
3135609
3137432
3139384
3138208
3138632
3133145
3141331
3141019
3133522
3137893
3133726
3135683
3132151
3139819
3138909
3140993
3135101
3137318
3139090
3139305
3132574
3135544
3131429
3135032
3136237
3133326
3140379
3138917
3137588
3135279
3135639
3140125
3135049
3137298
3135006
3138511
3137366
3132777
3138630
3135458
3134672
3134666
3137532
3132305
3139635
3133022
3135936
3131633
3133859
3136510
3139182
3137068
3136458
3137033
3137891
3137378
3134720
3137372
3132459
3139093
3140481
3131529
3139032
3133935
3138537
3133949
3140003
3136093
3134001
3139463
3140994
3132956
3132535
3141244
3135030
3139587
3135692
3131877
3140415
3139922
3137091
3133137
3132179
3137778
3138558
3136397
3133163
3136839
3140773
3136685
3132093
3136360
3136164
3133132
3139321
3136491
3138334
3134231
3138005
3140586
3138059
3133287
3136377
3132491
3134184
3135623
3132722
3138597
3131535
3140075
3140219
3135989
3133613
3132919
3131950
3133224
3133233
3133611
3136407
3136255
3131543
3133592
3140909
3132026
3132260
3139961
3141024
3139110
3131802
3135884
3136225
3137064
3137357
3135042
3133987
3131604
3136531
3139530
3137028
3133813
3138898
3138748
3140905
3139163
3140287
3134244
3135035
3134810
3139528
3140380
3141077
3135443
3135143
3140708
3139036
3132902
3140668
3133149
3135325
3137663
3139875
3131677
3140912
3140391
3135205
3137674
3138781
3137458
3139052
3136179
3132659
3139885
3136929
3134328
3136012
3140473
3132620
3139723
3138675
3131740
3139421
3140105
3133650
3132914
3140538
3140666
3137612
3139529
3134446
3135529
3137824
3135998
3137622
3139424
3135016
3137971
3138482
3135910
3137815
3133433
3138751
3135329
3140117
3131530
3132219
3139080
3138546
3134652
3137574
3139272
3132112
3133634
3141086
3141245
3140497
3133809
3139832
3140874
3139690
3138815
3136040
3133322
3136022
3137844
3140888
3136240
3140097
3141011
3134221
3132544
3133168
3137053
3135439
3134356
3141177
3134600
3133531
3133612
3133625
3133635
3136755
3139898
3134950
3132663
3134925
3139739
3136000
3135478
3140898
3136941
3140680
3131748
3139668
3134589
3140871
3133423
3139737
3136651
3137760
3131749
3132773
3135185
3135452
3140271
3140524
3132687
3140157
3139987
3134552
3137743
3134538
3140884
3139175
3138177
3131919
3138473
3137651
3132044
3139706
3137671
3135312
3137768
3135494
3134771
3134522
3135594
3139120
3138694
3137949
3134804
3136581
3131922
3136175
3133173
3140828
3132998
3133554
3135773
3138237
3132022
3137875
3139430
3133506
3135747
3131484
3132504
3133008
3138114
3139016
3139227
3140393
3134931
3136136
3139925
3139518
3135914
3140997
3136943
3133133
3137690
3133550
3136507
3136277
3140222
3132212
3137593
3139213
3138926
3139294
3137666
3139638
3139022
3140233
3140152
3140650
3135843
3139802
3140513
3133021
3137854
3137979
3136453
3138299
3134159
3136375
3135812
3137656
3136963
3134659
3138089
3139704
3138337
3132700
3139717
3138837
3140331
3141219
3138484
3132340
3131656
3134629
3132710
3131725
3132311
3138462
3132284
3139667
3132223
3132141
3133437
3133722
3131843
3132002
3139116
3134929
3135233
3138759
3135235
3139686
3136187
3139259
3133292
3131624
3135749
3134983
3140673
3134250
3132598
3135341
3135215
3141121
3136463
3138725
3138379
3134226
3133565
3139965
3134025
3139001
3132704
3133256
3134995
3137095
3138251
3140376
3137627
3133559
3135804
3135110
3137410
3131500
3131757
3131815
3140280
3134621
3133861
3131963
3137885
3137398
3136290
3137150
3134111
3139772
3133751
3132145
3138341
3138555
3135483
3139622
3135028
3140636
3141347
3138618
3137275
3136272
3131571
3133308
3137100
3137719
3133201
3131664
3132139
3137293
3132855
3140917
3141234
3140309
3135974
3141286
3138938
3132570
3138117
3136896
3133127
3132186
3139224
3137704
3131928
3137086
3138383
3136652
3134860
3133744
3138282
3136346
3140361
3138351
3137951
3135372
3134632
3140197
3132805
3136536
3135402
3133349
3140435
3134683
3137464
3134156
3138902
3131541
3140153
3137839
3137249
3137146
3137052
3137367
3140355
3137083
3137032
3137928
3139859
3139882
3140496
3133299
3138783
3132856
3134243
3139053
3134235
3135855
3138061
3135555
3136101
3136116
3131585
3138147
3139198
3137906
3140225
3133658
3134788
3135796
3140082
3137105
3137147
3141064
3133857
3133311
3131895
3140424
3141229
3133862
3132772
3137447
3139279
3134829
3140101
3140516
3138161
3138401
3131626
3132195
3137404
3132106
3140104
3131641
3138740
3137570
3137492
3132396
3133054
3137762
3141089
3141015
3139161
3137852
3140511
3133363
3134355
3134125
3140544
3136693
3138467
3134825
3135885
3132175
3133350
3140945
3137319
3141009
3139185
3131825
3133394
3134692
3137522
3137592
3139583
3139828
3140723
3136271
3137904
3139223
3141249
3132462
3136747
3132806
3139561
3137848
3134529
3131929
3132354
3138646
3135419
3132699
3133081
3136621
3134796
3135582
3131930
3134411
3139993
3138066
3134345
3135236
3139373
3140915
3132140
3137560
3131905
3133167
3139789
3135892
3137200
3138989
3137615
3138635
3132304
3141193
3139273
3133953
3132324
3140608
3139082
3137389
3141037
3133208
3133917
3134311
3134123
3134827
3137012
3139718
3140699
3132498
3137895
3135506
3140031
3132154
3137759
3133381
3133073
3134594
3137748
3139603
3137518
3133191
3141332
3137235
3140167
3140697
3133063
3140658
3135717
3131511
3131892
3136784
3138872
3134897
3141181
3140501
3139143
3140814
3138678
3135880
3132938
3138977
3137939
3140761
3138190
3134074
3131502
3134633
3134574
3136282
3135663
3135209
3140455
3137894
3137043
3132731
3141349
3140113
3139257
3135950
3134960
3133422
3133366
3138507
3137526
3134434
3139524
3132849
3140988
3133617
3139375
3139761
3133849
3136885
3131504
3136938
3137164
3136772
3141243
3132645
3140589
3132957
3139660
3131410
3137110
3139055
3134602
3133956
3132864
3134768
3136843
3139620
3141358
3140527
3134425
3139637
3140654
3135003
3133260
3131402
3139733
3133156
3141027
3137326
3133325
3134418
3137369
3136543
3139542
3136042
3141357
3139028
3141256
3139425
3136972
3135009
3139065
3134564
3134920
3138721
3140798
3140602
3134326
3140407
3134444
3132125
3132352
3140192
3137359
3138101
3132046
3139346
3137152
3138827
3134706
3138288
3139128
3138584
3138774
3138545
3136344
3132616
3133443
3136220
3139894
3137345
3137061
3140783
3136778
3138979
3134661
3131979
3132651
3132973
3133388
3135170
3132780
3131917
3139165
3140848
3134461
3134777
3131390
3136292
3131479
3140364
3138253
3133564
3132280
3135090
3139226
3137428
3135606
3137173
3136974
3135400
3131840
3140646
3136643
3136176
3140134
3136245
3138356
3139352
3136401
3138824
3140876
3139566
3138854
3136939
3137211
3132801
3132165
3133194
3141337
3133829
3138567
3131587
3134346
3133730
3135965
3132878
3140565
3135197
3135883
3138375
3138644
3135945
3132168
3136721
3134630
3134667
3133673
3133294
3140430
3131545
3131770
3136984
3137478
3133624
3133158
3133351
3140360
3131884
3136090
3134662
3140980
3135550
3139180
3134097
3135225
3139810
3141001
3133318
3136672
3134741
3140029
3139543
3137670
3134478
3135716
3132402
3134729
3140247
3139630
3140296
3140046
3131715
3137701
3136584
3139507
3138579
3133848
3136553
3141211
3132435
3137916
3133281
3134735
3139599
3132001
3133193
3134799
3132185
3133182
3132712
3136065
3140439
3131798
3131732
3136995
3132157
3133691
3133223
3137603
3132551
3140499
3135959
3136798
3131649
3135127
3135166
3135019
3132431
3135239
3139064
3134485
3136550
3139007
3136840
3138643
3134471
3140595
3135058
3132021
3137193
3134019
3139075
3133957
3133579
3138459
3136269
3135987
3135696
3139010
3141005
3135567
3141060
3140178
3134114
3136405
3136818
3137206
3138023
3132776
3138321
3133328
3135533
3132377
3134745
3137508
3133585
3133494
3137808
3137790
3135449
3136530
3133030
3140576
3134893
3135388
3133671
3138615
3139853
3138633
3140396
3137920
3134421
3133290
3132775
3132584
3136766
3133921
3138033
