Forum
3119231
3059164
3034675
3060068
3051820
3114397
3090645
3036114
3120684
3085121
3063981
3087704
3031332
3032046
3110026
3073301
3051288
3090285
3056615
3039633
3093592
3032742
3062139
3067386
3060056
3092003
3073741
3078458
3061887
3094833
3113378
3094622
3107234
3051885
3057891
3055405
3098652
3078806
3116598
3095299
3104424
3075407
3082149
3046400
3113071
3098798
3091280
3058708
3081878
3067743
3057123
3053351
3108561
3058838
3086614
3086336
3105598
3080883
3099511
3034761
3075035
3064417
3089216
3088604
3111064
3042745
3079320
3043346
3032856
3048854
3085815
3056537
3120589
3102423
3099952
3086316
3082273
3059238
3077209
3090911
3051237
3107892
3088597
3079727
3089284
3055301
3083758
3108756
3121225
3108809
3085880
3056074
3085064
3080390
3073377
3038581
3082851
3091443
3115788
3066228
3055145
3104238
3105708
3098550
3052704
3091177
3039899
3041424
3065505
3097588
3038212
3042690
3037462
3048802
3121252
3063598
3109322
3123005
3122479
3037560
3090574
3032486
3071426
3063123
3046635
3062558
3086211
3117987
3123214
3079461
3088839
3086650
3060803
3122395
3122517
3042999
3059205
3043699
3080383
3049157
3101439
3036363
3089564
3117805
3090524
3053554
3040369
3043629
3092646
3073493
3088811
3070189
3055872
3110939
3065587
3094476
3097678
3107254
3084940
3050469
3084859
3093883
3090320
3069622
3055273
3069348
3077425
3123261
3091949
3052734
3050463
3039882
3040215
3085429
3065040
3061523
3076354
3106609
3066874
3042795
3066989
3080276
3090134
3084156
3095856
3063558
3059974
3094449
3032641
3042644
3042306
3073334
3054280
3091994
3110682
3076087
3074791
3065446
3107808
3111405
3117504
3040988
3075174
3118502
3057234
3065394
3113344
3119921
3044938
3091075
3117171
3097457
3062898
3055484
3083409
3038124
3036699
3043052
3049150
3043776
3049222
3083892
3085476
3050119
3100874
3058035
3072550
3052967
3092629
3056101
3088987
3105429
3094256
3077521
3037338
3099859
3113354
3090174
3063501
3097465
3079899
3035577
3046708
3075056
3116067
3093446
3051466
3044621
3055752
3069314
3056464
3096529
3049206
3061636
3075919
3057634
3056031
3118294
3116735
3052198
3089713
3033164
3102464
3050756
3086314
3113446
3107894
3054206
3055860
3078585
3045536
3118664
3033232
3052116
3121436
3109967
3080738
3068965
3053286
3059363
3044889
3122806
3117828
3099190
3085037
3086596
3067699
3119151
3100289
3037027
3046252
3054709
3057424
3090119
3057072
3123049
3039042
3080449
3123373
3031386
3079422
3084643
3121104
3083086
3098803
3055739
3103883
3109058
3091296
3107538
3070844
3060090
3050129
3076844
3054680
3123033
3046665
3047962
3087777
3073281
3121577
3041217
3114903
3087538
3084233
3104279
3042325
3049809
3067935
3080571
3092014
3082217
3045166
3036665
3038103
3122825
3117683
3119904
3080368
3084395
3050540
3115008
3061180
3051965
3075399
3112720
3098950
3116213
3064811
3101127
3064681
3115007
3087144
3115995
3109610
3115713
3062802
3038722
3090666
3067461
3041029
3033824
3060474
3040882
3067131
3084043
3106897
3062858
3037048
3059548
3121092
3119082
3096786
3076285
3114439
3041487
3106723
3071625
3043236
3060053
3077374
3066809
3111550
3056610
3064485
3037029
3114411
3120400
3060195
3086948
3083641
3119245
3063833
3116109
3122671
3117102
3079099
3037536
3065936
3062820
3069404
3074290
3051897
3032693
3111854
3074816
3038681
3078373
3037337
3104014
3056679
3045732
3051536
3060699
3065705
3038618
3113693
3115253
3082221
3093892
3076781
3105811
3036627
3082999
3062972
3031237
3070432
3034840
3053085
3065150
3040093
3102247
3048885
3035119
3096053
3059610
3093460
3033052
3065364
3068153
3041676
3092577
3091269
3117989
3068680
3074157
3072992
3040223
3058503
3034779
3082348
3041258
3093275
3088443
3089883
3052425
3040703
3084056
3111084
3042716
3090382
3057876
3090901
3102240
3100100
3113443
3049007
3104844
3059910
3059485
3071543
3093708
3112844
3092019
3093763
3077436
3069666
3032704
3059303
3100733
3096744
3097878
3069811
3095537
3066746
3032799
3051150
3084699
3064154
3115015
3116840
3103798
3101070
3038064
3073717
3065988
3082410
3071961
3044606
3103343
3066711
3106018
3043793
3080452
3050700
3045492
3086227
3114852
3115260
3108495
3071346
3039338
3093880
3057604
3068463
3103477
3035062
3089981
3071919
3035751
3089449
3100392
3100944
3068907
3043125
3121587
3065781
3068989
3044923
3113306
3114352
3033600
3062189
3110963
3059344
3064552
3106245
3072119
3123065
3087049
3122292
3049591
3110300
3064945
3061739
3032638
3037771
3035570
3105714
3081733
3065672
3047703
3035975
3050344
3098391
3081389
3110927
3113846
3113655
3112042
3068882
3075651
3096761
3110123
3122959
3123285
3110697
3072822
3053331
3112549
3092775
3098899
3040101
3056638
3057484
3079199
3079495
3064756
3040860
3041364
3121260
3045307
3066097
3052346
3038289
3038899
3060440
3064092
3050227
3082482
3055625
3067991
3048291
3087909
3051804
3097683
3098800
3070540
3120964
3093521
3084363
3118309
3108861
3122858
3121843
3062538
3099996
3047596
3075804
3086705
3070244
3092075
3040504
3096334
3044191
3054442
3034979
3070604
3073537
3113401
3070463
3031364
3073777
3076028
3091580
3105933
3107505
3078169
3036024
3083107
3089390
3122994
3063747
3058195
3080972
3110140
3061200
3117151
3119258
3104878
3057113
3048751
3076091
3081960
3056427
3045909
3077086
3050530
3103133
3114829
3084583
3089264
3104480
3052674
3085866
3067185
3092031
3107273
3115364
3057268
3031307
3069580
3103036
3039275
3040522
3100138
3119326
3042210
3111444
3058791
3057287
3110061
3043934
3032626
3078285
3067189
3036141
3096667
3090662
3053437
3107630
3074250
3059265
3092890
3032713
3098863
3055206
3041940
3117313
3079982
3057223
3119504
3092960
3082961
3046284
3044212
3053342
3042051
3063568
3096522
3070976
3042518
3054723
3116970
3081595
3074633
3060412
3042486
3078090
3093461
3107263
3109371
3121670
3081700
3119869
3059261
3078830
3060032
3081407
3122916
3066099
3080662
3033663
3059431
3091730
3055390
3089351
3033330
3079927
3116806
3073164
3036284
3091014
3094766
3040357
3052245
3093647
3096469
3111135
3071997
3098872
3073987
3077031
3036472
3064787
3079245
3036530
3103608
3084886
3038311
3122322
3045321
3047198
3039374
3057618
3036505
3045655
3066323
3106597
3038300
3046570
3111323
3073321
3056707
3106743
3108275
3060859
3108027
3062524
3103303
3104776
3098516
3117981
3073437
3069572
3085508
3084872
3052100
3069550
3078751
3099714
3091499
3120265
3103755
3080362
3079782
3111476
3068919
3122644
3073814
3038058
3121825
3089602
3073280
3037594
3050302
3057226
3106260
3083659
3092637
3053276
3080875
3053264
3035739
3041442
3045641
3111102
3050447
3055546
3039726
3118501
3101188
3101161
3041980
3101986
3080059
3032897
3066340
3061065
3058409
3120901
3061046
3056481
3067859
3072053
3074100
3064138
3042973
3098851
3093377
3053875
3112719
3114583
3111998
3093542
3078967
3120436
3116435
3074410
3063908
3079924
3046026
3091769
3063605
3050085
3040869
3096043
3103077
3048217
3032238
3070352
3080466
3085258
3101739
3048561
3105557
3080895
3043327
3059561
3046165
3093534
3070779
3102577
3086666
3086050
3067861
3051220
3089842
3087619
3066837
3074879
3089147
3077183
3111091
3114929
3037655
3114775
3115006
3048038
3060083
3098405
3040653
3066777
3083370
3033683
3073914
3097662
3042741
3106292
3073553
3052229
3093213
3050813
3032746
3060305
3062701
3095121
3070612
3043127
3036762
3062241
3048780
3034058
3095871
3119795
3086331
3059559
3106688
3076556
3085448
3042302
3036453
3087369
3053200
3085658
3042020
3074904
3106054
3055343
3079855
3060831
3119306
3123250
3054565
3058017
3093935
3062912
3033609
3095393
3115926
3066966
3050847
3102806
3056535
3048031
3104593
3108935
3103320
3067643
3080351
3099091
3047900
3088163
3054627
3089709
3065193
3085981
3052729
3111191
3075148
3044667
3048481
3073675
3117648
3110292
3061386
3101879
3088106
3100577
3071279
3040931
3073901
3111447
3069733
3091539
3099244
3067830
3036375
3110496
3083550
3116885
3033726
3088132
3066258
3053099
3080546
3038859
3060456
3060392
3044727
3052110
3068301
3085539
3095464
3088691
3056634
3033084
3103096
3113674
3071063
3095247
3103248
3117688
3114330
3106668
3066558
3095772
3093374
3116208
3094203
3082947
3090628
3101934
3057772
3095046
3071752
3055397
3096231
3073325
3103913
3071910
3067438
3048008
3101864
3091053
3084154
3051322
3100353
3060595
3120815
3088960
3058552
3076307
3110266
3034613
3037769
3095195
3116191
3107399
3100152
3069601
3051019
3050695
3111883
3073082
3059009
3098407
3085694
3085120
3108013
3072618
3102033
3104650
3095583
3053819
3035990
3034892
3041078
3121342
3118211
3082933
3038078
3035783
3101419
3077389
3069205
3078350
3074795
3112706
3097754
3119862
3045888
3042895
3041175
3075368
3046794
3115799
3085597
3069049
3094169
3082263
3089746
3089065
3032312
3098782
3074666
3117143
3111737
3059834
3046416
3065188
3082359
3087393
3082029
3114904
3050554
3086591
3102391
3065181
3090819
3113942
3063738
3036382
3066755
3100612
3051528
3037956
3066566
3123338
3121868
3043655
3108606
3031376
3068334
3103686
3106498
3109475
3109564
3080759
3089118
3090341
3061788
3062469
3107856
3061495
3075973
3047750
3072925
3119096
3065273
3093864
3114875
3036199
3089912
3104017
3109414
3104916
3100956
3051659
3118353
3094056
3055106
3109444
3033695
3054911
3111724
3116069
3103694
3096176
3069623
3035657
3099948
3036620
3045019
3110070
3121638
3113219
3089191
3058859
3037142
3120110
3048734
3046782
3088504
3101996
3054334
3066589
3081050
3075099
3097329
3048761
3053703
3076988
3072505
3047928
3085799
3097844
3079230
3106431
3033218
3031847
3074490
3074899
3117865
3050275
3115399
3122979
3031695
3075013
3064270
3060878
3085069
3078021
3036822
3073465
3089338
3084752
3050179
3072786
3043666
3074894
3035591
3114902
3055668
3033727
3050248
3099888
3078726
3099857
3111302
3069647
3080685
3121588
3121829
3091294
3085996
3047540
3101182
3077058
3062386
3034467
3053341
3112350
3095926
3102620
3037951
3090026
3088306
3112849
3035444
3110481
3050143
3041153
3112663
3033579
3120871
3093159
3118466
3047132
3082052
3090228
3061041
3066450
3048305
3110169
3094041
3077663
3058858
3052495
3076924
3057921
3104211
3067399
3115122
3114194
3045175
3096982
3037879
3036188
3059347
3055699
3091363
3041531
3087261
3038709
3035493
3032122
3104869
3056817
3115992
3045660
3080725
3035198
3120431
3031744
3101778
3092228
3038616
3034580
3065613
3073201
3075426
3094650
3074480
3090472
3066057
3107696
3101203
3091100
3118774
3040750
3070112
3115697
3041360
3106125
3088796
3039468
3060257
3052837
3112609
3102957
3110987
3080196
3099398
3055463
3115691
3097227
3048633
3045151
3084217
3104383
3051495
3103807
3106941
3093439
3072075
3045865
3094903
3054017
3048413
3084845
3056898
3065917
3052180
3098839
3080126
3065715
3121754
3078244
3110875
3036317
3076217
3122337
3064149
3118815
3056017
3088395
3083297
3056461
3062545
3038312
3093815
3067873
3075030
3093615
3095007
3121674
3073951
3119545
3036194
3097569
3096252
3043626
3111906
3107842
3094920
3097504
3031960
3082663
3072613
3094698
3033165
3051190
3097971
3047275
3038718
3099144
3074342
3040289
3100243
3070186
3098726
3088365
3086906
3107447
3086507
3123371
3040358
3032890
3089809
3053248
3094190
3077567
3118803
3089257
3072846
3063685
3047555
3116229
3117181
3107433
3089409
3093588
3078257
3096505
3047368
3101751
3064846
3105130
3103820
3036621
3082128
3114501
3038331
3056779
3072416
3087725
3050825
3062931
3064316
3073275
3071334
3036184
3109832
3065094
3069663
3095004
3092207
3115633
3048803
3084650
3077532
3083200
3038634
3036170
3038426
3046917
3123181
3097212
3063855
3054186
3090230
3063336
3064216
3034500
3086552
3071852
3097199
3038293
3094427
3034091
3095644
3098041
3082725
3073443
3073284
3079321
3046902
3032883
3044067
3091919
3086722
3092798
3055082
3056469
3121334
3091487
3084675
3052899
3069743
3070824
3038316
3082722
3076995
3038013
3032529
3049618
3063788
3065783
3058475
3110512
3079602
3031402
3035299
3038073
3033154
3056477
3079939
3078463
3109597
3085788
3103131
3063681
3063701
3112533
3123198
3065562
3074594
3114738
3079011
3032757
3118910
3082755
3095370
3082760
3055477
3084569
3071509
3065630
3051196
3116049
3119733
3042620
3071477
3085145
3073869
3117371
3097184
3077174
3085070
3077164
3031526
3118681
3078258
3039549
3050410
3114334
3088608
3092052
3113316
3115027
3114670
3065537
3105627
3104902
3097699
3112444
3070520
3093230
3052809
3039467
3069952
3042163
3089903
3110542
3077307
3113238
3083733
3075058
3061879
3045324
3106387
3070100
3108163
3079026
3103442
3038895
3083112
3085723
3031310
3113959
3063119
3051221
3085017
3067701
3051233
3107961
3108148
3105945
3063756
3122896
3041006
3109351
3090699
3081123
3096095
3120512
3112268
3042643
3058750
3094108
3108074
3062892
3042884
3082014
3055610
3059977
3053852
3097266
3076103
3071166
3058956
3042475
3033329
3096595
3120946
3054307
3067417
3058591
3108522
3104957
3112512
3092935
3062163
3078093
3041681
3086042
3080886
3055174
3113989
3106085
3105046
3038948
3097372
3121198
3082901
3099056
3058997
3079476
3038529
3095117
3043352
3080111
3098840
3032481
3112193
3063420
3042775
3060874
3057780
3113489
3105441
3031425
3033049
3103355
3104933
3090035
3101775
3094036
3054625
3092520
3044729
3095985
3055168
3068842
3039964
3083840
3079757
3117705
3081472
3077444
3071917
3099882
3080732
3057386
3063389
3050880
3056180
3118289
3084208
3118951
3088441
3083443
3105198
3080469
3062279
3091725
3095794
3053272
3087873
3055568
3046268
3080503
3101689
3100606
3070409
3055029
3101405
3077460
3045248
3059099
3058510
3115642
3096443
3095709
3065979
3106502
3119488
3111159
3086296
3120123
3110103
3118615
3048790
3038057
3095994
3040890
3040039
3031206
3057002
3091091
3047447
3101374
3057972
3103338
3057892
3058442
3112679
3104148
3112644
3062431
3081964
3068688
3084825
3041040
3034919
3067642
3070484
3090713
3082525
3041735
3043700
3048401
3096300
3094485
3043948
3038236
3036460
3090591
3090064
3043907
3072493
3070406
3089823
3072793
3053493
3042287
3060977
3042097
3112740
3082783
3070411
3082061
3062541
3033420
3074281
3122972
3034491
3084889
3037945
3110757
3081845
3106490
3094168
3112833
3042000
3061016
3082352
3096914
3065922
3092173
3056943
3045885
3063334
3075766
3065654
3032623
3075334
3111978
3075075
3083717
3057861
3042110
3112440
3056648
3079950
3048278
3034514
3044602
3065340
3076392
3041883
3060150
3040388
3106264
3076202
3040747
3049011
3064048
3045399
3057581
3109037
3067640
3076355
3049095
3095397
3081673
3040088
3040875
3122033
3084883
3076661
3111922
3101106
3055226
3090105
3053990
3061928
3104440
3037107
3077017
3066085
3120337
3107994
3079810
3113291
3081726
3055710
3044148
3122945
3087454
3108245
3087077
3097012
3060783
3101569
3085191
3061858
3066648
3076074
3123370
3046903
3100530
3058707
3052608
3103713
3053746
3067400
3063313
3093079
3072779
3076450
3048245
3035860
3068356
3083118
3035216
3039987
3034447
3069829
3108858
3035002
3111728
3073179
3109876
3033929
3096613
3087612
3099387
3036891
3067168
3047543
3070127
3074182
3038161
3039491
3031961
3092176
3100026
3099890
3068086
3058053
3035469
3078988
3051123
3050915
3038206
3059541
3107918
3031511
3060033
3080639
3042495
3038239
3083536
3098757
3077483
3075663
3082710
3098009
3113383
3082252
3082141
3057548
3035252
3092391
3094022
3114526
3106952
3079489
3107045
3091444
3104131
3113223
3059386
3107988
3067831
3086654
3057553
3080316
3042349
3039725
3084971
3080239
3121474
3115293
3068410
3116986
3031571
3114674
3115161
3105834
3063386
3036022
3091748
3042077
3054607
3051272
3079079
3099976
3113831
3076180
3032550
3111909
3104637
3058025
3061334
3047212
3082860
3040507
3059598
3098448
3044817
3113018
3120141
3087303
3046018
3120010
3100522
3091195
3092522
3042965
3103970
3032035
3052916
3100084
3094263
3048537
3037198
3113387
3069064
3031765
3077800
3115238
3066086
3046061
3056982
3058006
3110031
3039823
3034160
3081469
3112427
3040509
3038009
3098445
3042838
3046522
3123268
3053202
3072284
3108940
3046956
3105378
3099667
3050476
3095362
3041162
3115886
3083827
3103818
3106036
3102649
3109069
3098354
3106521
3040230
3060283
3067476
3036793
3050739
3046689
3085575
3048010
3068703
3031460
3113129
3076299
3038015
3040271
3068674
3072819
3103498
3088727
3050885
3044251
3037373
3037749
3039427
3113211
3034850
3093421
3046601
3051419
3082910
3031816
3116481
3105580
3036935
3094574
3041051
3050986
3072043
3120340
3106019
3116145
3040877
3054670
3097751
3104094
3047612
3042932
3101855
3110847
3089399
3077185
3092496
3078221
3106253
3108279
3103579
3034201
3080899
3071226
3053706
3065763
3070697
3115257
3093403
3119912
3101511
3056797
3086291
3062605
3097364
3047849
3033809
3103328
3055009
3067162
3032705
3070839
3049679
3048367
3117763
3090425
3082462
3060820
3081798
3031585
3112647
3088025
3107379
3059876
3079873
3043307
3041798
3096386
3114673
3069408
3082971
3104571
3033448
3094832
3041740
3095720
3056231
3093819
3071623
3060926
3055770
3122274
3083545
3044137
3111528
3051069
3120053
3078347
3066007
3060732
3045742
3056203
3094120
3070459
3035594
3107761
3113366
3071613
3115849
3103560
3059361
3123231
3067622
3063933
3041323
3100596
3064680
3056878
3102906
3110934
3085949
3080026
3109606
3035408
3082069
3115421
3108550
3067943
3090985
3046312
3076039
3074848
3121964
3089484
3037224
3054122
3118476
3082703
3109394
3083963
3075971
3100252
3059730
3053894
3080328
3093765
3116529
3070209
3036586
3037605
3054023
3083716
3037623
3076401
3074487
3075419
3052063
3096034
3077507
3096304
3095909
3116446
3032407
3088134
3075654
3045843
3102278
3043686
3114895
3077427
3113927
3045516
3041124
3112929
3054241
3076209
3074221
3089522
3031781
3069731
3118251
3075441
3082281
3121362
3034278
3103947
3070317
3059215
3049404
3091536
3102931
3053618
3108440
3043522
3086329
3076773
3036759
3051314
3110132
3071551
3062296
3106188
3043950
3094123
3071467
3080183
3063272
3041056
3079986
3117361
3087066
3045275
3082625
3105418
3068889
3078195
3109117
3102791
3116463
3057541
3077768
3044800
3086220
3104515
3053769
3077916
3071496
3042403
3052318
3084456
3111183
3112711
3114174
3115402
3114878
3108709
3102899
3043084
3116488
3036447
3096133
3058855
3032219
3101090
3068118
3031758
3083258
3102165
3096130
3119329
3044305
3055571
3039334
3081195
3055662
3098167
3110385
3111950
3107368
3090945
3067203
3072414
3059487
3095638
3053502
3083935
3090863
3103897
3059700
3120892
3045303
3095491
3038030
3065888
3045857
3034388
3099358
3066031
3090002
3078430
3034701
3036337
3096353
3047627
3100132
3096226
3099830
3119864
3093499
3068143
3063195
3114855
3042488
3054773
3121635
3087025
3114637
3036166
3082921
3082213
3043648
3050181
3039570
3046058
3089385
3091304
3031478
3050964
3049632
3068966
3036890
3048527
3089220
3065003
3084529
3053222
3092411
3044792
3062955
3110291
3083144
3121434
3066570
3050384
3046740
3093249
3048290
3039924
3085101
3049689
3078960
3084996
3112981
3110255
3069665
3112918
3067981
3111251
3107653
3109378
3054956
3115700
3067014
3055766
3048253
3121098
3083279
3114743
3101529
3094584
3112573
3039641
3073104
3035278
3108638
3102671
3062624
3102548
3040752
3092808
3064690
3115322
3104831
3112059
3109021
3060587
3071645
3098670
3058875
3078392
3050511
3112371
3032979
3036919
3037828
3052794
3061579
3094218
3112285
3083556
3094188
3072898
3095805
3110671
3117413
3113916
3061144
3057893
3101650
3088762
3123390
3041381
3122670
3046127
3044330
3101692
3106911
3112369
3069936
3119022
3093988
3048705
3040737
3105759
3056716
3086066
3036936
3079723
3074054
3102246
3088430
3064424
3051453
3084141
3104214
3112269
3046668
3039157
3053849
3085974
3043324
3046632
3094506
3075999
3035669
3064212
3086194
3116246
3073146
3042158
3086022
3061042
3058483
3100936
3058174
3086406
3088059
3107484
3074598
3056132
3102646
3111368
3091060
3049297
3091658
3041000
3101318
3100435
3090140
3051148
3046050
3091129
3088131
3092788
3114323
3060246
3122651
3093138
3037872
3090752
3113514
3072255
3122929
3070630
3088064
3097030
3104934
3049971
3074169
3067805
3077876
3106193
3074611
3118845
3060118
3054505
3116211
3100417
3076531
3031602
3102252
3059791
3118155
3031583
3113158
3094262
3122004
3042840
3102045
3107138
3051475
3100090
3033087
3101329
3077820
3068936
3094694
3034110
3085391
3035873
3117226
3075049
3106159
3051488
3047930
3086014
3060609
3088992
3051391
3121338
3103315
3057172
3083730
3070288
3039355
3056759
3075901
3061443
3066758
3089120
3092159
3033187
3054406
3108076
3106519
3036062
3110382
3106534
3099104
3083124
3063660
3031444
3054708
3100377
3120624
3083064
3070175
3031612
3049866
3077651
3042395
3101390
3053960
3120669
3091248
3083866
3116675
3054971
3067494
3083789
3076619
3049851
3106150
3041133
3070828
3050642
3070508
3068879
3063203
3110580
3066898
3095336
3076756
3049236
3084346
3047885
3086357
3091680
3053658
3070476
3101671
3061067
3095704
3089043
3044041
3102261
3099362
3088900
3038048
3053431
3081024
3086644
3065303
3051050
3075094
3067949
3069799
3121259
3040209
3071249
3073178
3092061
3041932
3070018
3106177
3088469
3087022
3050057
3079317
3077680
3122345
3095775
3076599
3063894
3096907
3121846
3080386
3087893
3073166
3045873
3043374
3096984
3086845
3070724
3082737
3032336
3115648
3046408
3113821
3097575
3109699
3106184
3087018
3107271
3114882
3040777
3098517
3098988
3077555
3062450
3104813
3053913
3102412
3062289
3050333
3105546
3102912
3070500
3043709
3080950
3061393
3042505
3089911
3052073
3069472
3068653
3044690
3104626
3121916
3090350
3121757
3114523
3093886
3111156
3032241
3061909
3038971
3064699
3111310
3108526
3113537
3095852
3051484
3045475
3036508
3096884
3039565
3042003
3049313
3034053
3097479
3118274
3074352
3122133
3100764
3091065
3058489
3086188
3039285
3114957
3071057
3031415
3093114
3049749
3108593
3063296
3055369
3032629
3085790
3047505
3114077
3036791
3061382
3107534
3099178
3121981
3117632
3092978
3113822
3068264
3061484
3083983
3122739
3071931
3072235
3044664
3085868
3109243
3043627
3060121
3046364
3065824
3057331
3067532
3046042
3093558
3059234
3084599
3089201
3102868
3038863
3100752
3091459
3107364
3120655
3072726
3088187
3120129
3070420
3035803
3118627
3050481
3035874
3076527
3097313
3051367
3047293
3065845
3035139
3097912
3042609
3056742
3107210
3092295
3078559
3094675
3039612
3040500
3115608
3103785
3066247
3107514
3120545
3119369
3097277
3086219
3112795
3118099
3116170
3099430
3053233
3077571
3048939
3050289
3043055
3105553
3070887
3075847
3074311
3110411
3041266
3121673
3096488
3098597
3051911
3034725
3078994
3076576
3064069
3093793
3100814
3058698
3068095
3045894
3038459
3101841
3059467
3036180
3087067
3097078
3063976
3067323
3116586
3112966
3050361
3068444
3050058
3046725
3089286
3068988
3055705
3120212
3074150
3111759
3121028
3050451
3081368
3100561
3104806
3047451
3079029
3067286
3080488
3122046
3056662
3086817
3039094
3118820
3119903
3065830
3072722
3115714
3089849
3115546
3120708
3084243
3033220
3039382
3076877
3103660
3082779
3046925
3064939
3044593
3031752
3057345
3053945
3057495
3084987
3061156
3113685
3097139
3055116
3115384
3032873
3102766
3048531
3090821
3115698
3043039
3114824
3037498
3118895
3035588
3039255
3072363
3105963
3098972
3117607
3052943
3115615
3120747
3114767
3056955
3067009
3085183
3121075
3053891
3035581
3108505
3059409
3052321
3075172
3090451
3033212
3067141
3033956
3107121
3052461
3095815
3063634
3086526
3099725
3088070
3035589
3057884
3073579
3071814
3108238
3104662
3069674
3084387
3122403
3089884
3047510
3052223
3056869
3062860
3059893
3107819
3032053
3049070
3089007
3035898
3045520
3117117
3117978
3118600
3116643
3082284
3072313
3040419
3045134
3041547
3106771
3043916
3069867
3045362
3071500
3110849
3078678
3037894
3121909
3104914
3076885
3110341
3083604
3036418
3119255
3085554
3038315
3110505
3063819
3087762
3112378
3113496
3047895
3041466
3101103
3067497
3055817
3066044
3089205
3090601
3108226
3107044
3064674
3083187
3076045
3036598
3095028
3097067
3101911
3098019
3037500
3073855
3094876
3076268
3102149
3078263
3036134
3121417
3094846
3076158
3078977
3073454
3061071
3044493
3099554
3089495
3038415
3061375
3059613
3122168
3114003
3061002
3103802
3042766
3111440
3060946
3041738
3095800
3041264
3048090
3103309
3050196
3034958
3060133
3062333
3041669
3097129
3086143
3122104
3062734
3091201
3068661
3053557
3062679
3088028
3059872
3051119
3043139
3047289
3093049
3052311
3105394
3092974
3064687
3075193
3079505
3086540
3073710
3113400
3045957
3043041
3072041
3033259
3077048
3049931
3033588
3123193
3099839
3098138
3063765
3057095
3079739
3093949
3046805
3035371
3061021
3106414
3074133
3106081
3102117
3120766
3042793
3109938
3050536
3067152
3114045
3107655
3096279
3059615
3100543
3071163
3082197
3052907
3075373
3122486
3071015
3038450
3097179
3082701
3058701
3060524
3116259
3052573
3084543
3041634
3109742
3113868
3099755
3086225
3061419
3120225
3104560
3036518
3098396
3093863
3063982
3101235
3105715
3035757
3088239
3068798
3062225
3079946
3106810
3080131
3069932
3063848
3034112
3069844
3043544
3055050
3097393
3042616
3095642
3063562
3043007
3047980
3107428
3066185
3109111
3117765
3062161
3081674
3088595
3079136
3041338
3081101
3118358
3114688
3106840
3100322
3050784
3045976
3076336
3067553
3056317
3095287
3081611
3109974
3071083
3121156
3063845
3038625
3119486
3109059
3068256
3066122
3056063
3081208
3092103
3073658
3062681
3054832
3105084
3039011
3037935
3089024
3076430
3100097
3055041
3048061
3095554
3032444
3120443
3058541
3070867
3089135
3041228
3044134
3116390
3033506
3070029
3049128
3053128
3056690
3106914
3098175
3120962
3072449
3084216
3074349
3048638
3078682
3090590
3040954
3085655
3073077
3075674
3045986
3097884
3059283
3064902
3086879
3055561
3093004
3063466
3092437
3048813
3071524
3122218
3107125
3085999
3032348
3064615
3116875
3097916
3057286
3049394
3092611
3109707
3111726
3111519
3036971
3041329
3048181
3089017
3106123
3101376
3046634
3090523
3078486
3103016
3039676
3111200
3054051
3054412
3043988
3112459
3088051
3113887
3065679
3039973
3049932
3060861
3038378
3108240
3109320
3057894
3068603
3051531
3053919
3075359
3116855
3045091
3110479
3102852
3093952
3049008
3043394
3043941
3068697
3078249
3120085
3122264
3123309
3097647
3041243
3054487
3086149
3056177
3063292
3107001
3076300
3096294
3045365
3098907
3069702
3050689
3103833
3098665
3035698
3046508
3096532
3078962
3043355
3043796
3113662
3071210
3043209
3123386
3121838
3072942
3046656
3079089
3080690
3071771
3093369
3062468
3077084
3036979
3068313
3106098
3093975
3054039
3055290
3035245
3090696
3067121
3088671
3103064
3034128
3103952
3064238
3074241
3066276
3058414
3116896
3038157
3119611
3058256
3110190
3071170
3076471
3101515
3083225
3114612
3056871
3100126
3098468
3046566
3101521
3105251
3082417
3093609
3097365
3082920
3039164
3105562
3065345
3118449
3074641
3046660
3118917
3106801
3068274
3088783
3112998
3064866
3106830
3116722
3118743
3032028
3101276
3082735
3057721
3048951
3062922
3037510
3103954
3045317
3044731
3114707
3111823
3105559
3070444
3059429
3064921
3112405
3108742
3119828
3047033
3119076
3078979
3047628
3118188
3057019
3038355
3052632
3121464
3084562
3092333
3074121
3066123
3045716
3073128
3057623
3093653
3036370
3078002
3061748
3039018
3111654
3043937
3094878
3077805
3086693
3123356
3120930
3120126
3121165
3070716
3106710
3067405
3096897
3115383
3107443
3114545
3086224
3051012
3073285
3120997
3103024
3038319
3084497
3088085
3074493
3038814
3104431
3076905
3122550
3062448
3051931
3086360
3108732
3039050
3074922
3116298
3070553
3056865
3067594
3033795
3087484
3040925
3053914
3117023
3086353
3081774
3087548
3037256
3083070
3031672
3084055
3078005
3115081
3054480
3096747
3100900
3096644
3098110
3033130
3052876
3114684
3066885
3057837
3064426
3091076
3051539
3090500
3034552
3056975
3076894
3052810
3069794
3091357
3122109
3058523
3092315
3066555
3050975
3095165
3082028
3111601
3078239
3033010
3050290
3035473
3052199
3063184
3041847
3034787
3112830
3050050
3097937
3113497
3121176
3066259
3086181
3056915
3074052
3083993
3118585
3119629
3039232
3106532
3087723
3097914
3095133
3101243
3048198
3078110
3077921
3076601
3080242
3048302
3049722
3037755
3044610
3072692
3059213
3075322
3046788
3080036
3068762
3036041
3101613
3068829
3033096
3105586
3120825
3105314
3116719
3071065
3039745
3096541
3093578
3053303
3109554
3102139
3118888
3108174
3083150
3117777
3064260
3040612
3045394
3093533
3090615
3063839
3041701
3050043
3070285
3042360
3053113
3111955
3122049
3103616
3085507
3089587
3077756
3036483
3121172
3047995
3033848
3117229
3046813
3075846
3122612
3071591
3082830
3042663
3071755
3110437
3110313
3074494
3063278
3064896
3064871
3068010
3115342
3103573
3048665
3082174
3058642
3037188
3086651
3038305
3089840
3108621
3046466
3116845
3073484
3096623
3117709
3113975
3054031
3104842
3121811
3063887
3083778
3104756
3039065
3098663
3054856
3061970
3043803
3045729
3111390
3057335
3095859
3045329
3108643
3123077
3060439
3113256
3039481
3031894
3034432
3046803
3082040
3053066
3092286
3065280
3066611
3071230
3068266
3055921
3103084
3066412
3106083
3063733
3095014
3116889
3081723
3034089
3064001
3063847
3032596
3073699
3039262
3040532
3054961
3060296
3049957
3062753
3080154
3100060
3037374
3116804
3046338
3069874
3072013
3077722
3082554
3092550
3044712
3116727
3115602
3093946
3102962
3055990
3077236
3062054
3071341
3120257
3070071
3055534
3088970
3092012
3095501
3040081
3073292
3069061
3091186
3099939
3114549
3109557
3049824
3061023
3087053
3075109
3058931
3071380
3056232
3108486
3083321
3105704
3064080
3105599
3057585
3041655
3095462
3060253
3113532
3064940
3051699
3035711
3104397
3037898
3043184
3096524
3046829
3049033
3039621
3120239
3048965
3075771
3084281
3092760
3048460
3080391
3075810
3122843
3105261
3074178
3083603
3104649
3111293
3060301
3112811
3080616
3090973
3071274
3088488
3081646
3079698
3067055
3106181
3117836
3049389
3035213
3113617
3112356
3092188
3117296
3074998
3094284
3122198
3097523
3099716
3098104
3064022
3056839
3035039
3110152
3099693
3100824
3057445
3059383
3088858
3100751
3066626
3072164
3122853
3057729
3100452
3117600
3112249
3108773
3110473
3096229
3045546
3115294
3090421
3052363
3116103
3081596
3073572
3061097
3098367
3069016
3039069
3118285
3061730
3082550
3042176
3090561
3073977
3097236
3061025
3114924
3048819
3052083
3104589
3105104
3071722
3045647
3119879
3072406
3091849
3113305
3099292
3077466
3068707
3048167
3050732
3097737
3095423
3085480
3087607
3098674
3083743
3071102
3103744
3097557
3122595
3031539
3094159
3123120
3050548
3119788
3107652
3034401
3060532
3064996
3052507
3092849
3038774
3043310
3072208
3073752
3083379
3075733
3096899
3032308
3086842
3065309
3038844
3032967
3031564
3117738
3067732
3045207
3121124
3057031
3087924
3104888
3032955
3068708
3051813
3070587
3035248
3090326
3077786
3048564
3104139
3100336
3038532
3113430
3039421
3055669
3055550
3033918
3108806
3042374
3122343
3090440
3061651
3096268
3056292
3112551
3108791
3094195
3057934
3081785
3037673
3045453
3068517
3076295
3045282
3047909
3050924
3058930
3061110
3093145
3041071
3115330
3090962
3050898
3072050
3093404
3106560
3049421
3121130
3036575
3095369
3043587
3122248
3036662
3093799
3048317
3055003
3051534
3068719
3053916
3063080
3036157
3103777
3032387
3108656
3065920
3044882
3041891
3050649
3036625
3095496
3074745
3081246
3074298
3096455
3067942
3120362
3068625
3080399
3120851
3093254
3064061
3115928
3121893
3114129
3081159
3080868
3115223
3049568
3061438
3039892
3040631
3112699
3114392
3031689
3105860
3101719
3033217
3100525
3081053
3056440
3095322
3062779
3032268
3031939
3109888
3085420
3112043
3085954
3064831
3120617
3110606
3101462
3054246
3079111
3083156
3081186
3063266
3047695
3104484
3035233
3051844
3105439
3056884
3069144
3049173
3096844
3072596
3044414
3094565
3086895
3058052
3065369
3118538
3119810
3095630
3058171
3070720
3033029
3036709
3071179
3059563
3103925
3041352
3080545
3114926
3045838
3079740
3110716
3111763
3043054
3097219
3036415
3107176
3099109
3098305
3081416
3116753
3043678
3078010
3040979
3056883
3077509
3099696
3051574
3067712
3069476
3036450
3075615
3049742
3071612
3072782
3109588
3093227
3071198
3069955
3040041
3085156
3086024
3048393
3112131
3036226
3035903
3117849
3076794
3044685
3046941
3055429
3096699
3095071
3099815
3044456
3104901
3032105
3031953
3095146
3058786
3098837
3101637
3118416
3065720
3069627
3046360
3086417
3059232
3108988
3048677
3096870
3094490
3051732
3080220
3110006
3058681
3076848
3071382
3107852
3089593
3121030
3119386
3036846
3093065
3077207
3055858
3079487
3060879
3096364
3059196
3085533
3075436
3055018
3120468
3110801
3095608
3076669
3107280
3037580
3033995
3109177
3036798
3096578
3037288
3107040
3077976
3093703
3054262
3046070
3117078
3073786
3066779
3111100
3051898
3066391
3085410
3052506
3032764
3096842
3100731
3118065
3074516
3064913
3050115
3099842
3072229
3062825
3050678
3065994
3036035
3106427
3091107
3040865
3107794
3050276
3098699
3053170
3080294
3040401
3040528
3034636
3053906
3119222
3105798
3077697
3057524
3094927
3065993
3042127
3102034
3084860
3096358
3116518
3116869
3064245
3066024
3079425
3081034
3055867
3078526
3119695
3052939
3117492
3061029
3105420
3101240
3111930
3088540
3108246
3078568
3088529
3080243
3039125
3060023
3074985
3099299
3039997
3080106
3106661
3116386
3090553
3112774
3112934
3035684
3091303
3097249
3099031
3085920
3053029
3050684
3056109
3108439
3058843
3057662
3070617
3091412
3048999
3072106
3068522
3110705
3099657
3110353
3115242
3038777
3036355
3034039
3105083
3076726
3082194
3068458
3074743
3040655
3075250
3080822
3097125
3105871
3064703
3040333
3073037
3101322
3073775
3107174
3098590
3089029
3121778
3040928
3036738
3117889
3088916
3103495
3056897
3071754
3035246
3045871
3105555
3121885
3119752
3040411
3049732
3063570
3075746
3065073
3048865
3040136
3058657
3096686
3033724
3039476
3094555
3121346
3038392
3096708
3119561
3063680
3107081
3094721
3113569
3090888
3068120
3047860
3068061
3031871
3116506
3032791
3053972
3046864
3038477
3105671
3068381
3106982
3061588
3034459
3115287
3051837
3051682
3077347
3086185
3066604
3074911
3056058
3052670
3033179
3042392
3101548
3077334
3045640
3065826
3076266
3070436
3051523
3105728
3061450
3041884
3099404
3088887
3093143
3111077
3073195
3068009
3079286
3081371
3084863
3043765
3106429
3044058
3101562
3108897
3078109
3086706
3085500
3075593
3080123
3078275
3048911
3076469
3036965
3107084
3106686
3044303
3104582
3108710
3116989
3079126
3112270
3046445
3035403
3040840
3047534
3115138
3041552
3100749
3079345
3108899
3058424
3105013
3055065
3077448
3082131
3034760
3064550
3048982
3085080
3111406
3059811
3061268
3045451
3058443
3045555
3067190
3109976
3042722
3102357
3061882
3091166
3051432
3094778
3057999
3116741
3111923
3106852
3039235
3096092
3034125
3053377
3080108
3119400
3082288
3033979
3071103
3118775
3072960
3072636
3109078
3103278
3046007
3052029
3118151
3086876
3075182
3037824
3050412
3089542
3046310
3103891
3049705
3099947
3075559
3059618
3079264
3054218
3117863
3118826
3114491
3039532
3044658
3033529
3076105
3059822
3071051
3065877
3063782
3059397
3075631
3119700
3118577
3074962
3070730
3081274
3085289
3115755
3061181
3103789
3070544
3059255
3108844
3070448
3119683
3083085
3053938
3079545
3086012
3055593
3116732
3064005
3102986
3116493
3102277
3059704
3091673
3039387
3068044
3066370
3041263
3110686
3039169
3067022
3038407
3083849
3086429
3108353
3065983
3072541
3051104
3059677
3053392
3069289
3096839
3096474
3041803
3039347
3034926
3051259
3105206
3031843
3065751
3033208
3102230
3104512
3063726
3099324
3099782
3105431
3089303
3121995
3084191
3103158
3118145
3090225
3041650
3062656
3031365
3097431
3098050
3065641
3077393
3093376
3031837
3086785
3033106
3109501
3073219
3060020
3098656
3066686
3038191
3053411
3090060
3047307
3097297
3080780
3118200
3070293
3047504
3104608
3100374
3051094
3108241
3060509
3090004
3058074
3090647
3074325
3037830
3043473
3074878
3099227
3088815
3114646
3034922
3105057
3122283
3070483
3066054
3093228
3114332
3086231
3033261
3115767
3122857
3106669
3064253
3034292
3080071
3068342
3033744
3123107
3054748
3075533
3044184
3058357
3073734
3074058
3110412
3097889
3073259
3116577
3110646
3088770
3101349
3092326
3105951
3048713
3104080
3118491
3106129
3043670
3032230
3032673
3059643
3108744
3060168
3091862
3089683
3040712
3116667
3069323
3041096
3098179
3068024
3071460
3054103
3035976
3088501
3109191
3069741
3076301
3083720
3039219
3094552
3101256
3043665
3082875
3087083
3034158
3061931
3037675
3096760
3122625
3048830
3097358
3089890
3072676
3090358
3073571
3048196
3095222
3063130
3085871
3056319
3080191
3105240
3114757
3035936
3112040
3121688
3103968
3072547
3036069
3031359
3067332
3119418
3038442
3048706
3097677
3086974
3090491
3076236
3064135
3050751
3041865
3042199
3076364
3118658
3114111
3033512
3058821
3115222
3079080
3047690
3068533
3107025
3094557
3036207
3032332
3052057
3120461
3074614
3104423
3031432
3050258
3067192
3067484
3048896
3052491
3091696
3097275
3103351
3034884
3091962
3071422
3072566
3045896
3118925
3088001
3098603
3121101
3092687
3121135
3103734
3095380
3103193
3051553
3065233
3078802
3055657
3037980
3114751
3100139
3057633
3113348
3056424
3036578
3085467
3079418
3074007
3064242
3078579
3033936
3086618
3032612
3048186
3033623
3076122
3100584
3054015
3108553
3051389
3102201
3058241
3071884
3080813
3050912
3058580
3067465
3091470
3106294
3051252
3105588
3073991
3078477
3097045
3107694
3109612
3036244
3044709
3038114
3041897
3093077
3051092
3098682
3068758
3094166
3079684
3065367
3048254
3119942
3079367
3096545
3076023
3117391
3108451
3089026
3082990
3070205
3117170
3055418
3085542
3096035
3066630
3032714
3047361
3081551
3103860
3043489
3048653
3064040
3034929
3094988
3036464
3118750
3097956
3055947
3064989
3038083
3035452
3057845
3066940
3105679
3110490
3056833
3097112
3096946
3076689
3117530
3089185
3057037
3103489
3082121
3111929
3079498
3039466
3047823
3088017
3061405
3066964
3103975
3091423
3080326
3108838
3041544
3067771
3063454
3111936
3078982
3078315
3043190
3103895
3114835
3070786
3085727
3055332
3053601
3121401
3074326
3085689
3122193
3060656
3039418
3098188
3070835
3069569
3089641
3033216
3032754
3067636
3049835
3073364
3080508
3067172
3115255
3075731
3079428
3052724
3116382
3100784
3034416
3118722
3052959
3035326
3071447
3032557
3047688
3101019
3061403
3039494
3090549
3042231
3068677
3104623
3063286
3122719
3045310
3036457
3078172
3102004
3094568
3065810
3120859
3108614
3099603
3061675
3068768
3092553
3042948
3058558
3113233
3093735
3040242
3122302
3084477
3065592
3031670
3042006
3045775
3045027
3118138
3105885
3117884
3108684
3098350
3081074
3057463
3046690
3078893
3096719
3078544
3086756
3071356
3071258
3091591
3041659
3045969
3059728
3056266
3113310
3047121
3121618
3051781
3112213
3031374
3108333
3048126
3088224
3054930
3121476
3065987
3119811
3039061
3033888
3066895
3110537
3105007
3082791
3043673
3075121
3042245
3045241
3110822
3035227
3078485
3114016
3077654
3085784
3085570
3072010
3110807
3079466
3046535
3118854
3044580
3108242
3077378
3081825
3121360
3115232
3081284
3041287
3099814
3104474
3055882
3069983
3076867
3112775
3112091
3055656
3067562
3103273
3037137
3047855
3088723
3069821
3107903
3040483
3089700
3114536
3069275
3052793
3032292
3033475
3046422
3110976
3088882
3105536
3086839
3034209
3037075
3063111
3041693
3041710
3034455
3118914
3119007
3038664
3045506
3057308
3037147
3065470
3111872
3046090
3108543
3074840
3069423
3036192
3099893
3101566
3107372
3088280
3082521
3093587
3035357
3039185
3033981
3065027
3056106
3086421
3097142
3042866
3084540
3113262
3082744
3111162
3111549
3101854
3031380
3060862
3031447
3115958
3035003
3061841
3042806
3085830
3093444
3090176
3056594
3097612
3065564
3071278
3046463
3110920
3056251
3122181
3039989
3040607
3120632
3031295
3037153
3120342
3035148
3059689
3045170
3114292
3070305
3061169
3116613
3072664
3063072
3054959
3105863
3096880
3047943
3091971
3120639
3035920
3049718
3042043
3055825
3105857
3113801
3111783
3114210
3105470
3067138
3085654
3103236
3087441
3037126
3088490
3067363
3050976
3116951
3096178
3097272
3037875
3073394
3064511
3082017
3041435
3123345
3032388
3107182
3084732
3032740
3041908
3084176
3056500
3098854
3062589
3119324
3051442
3077230
3082865
3059405
3066344
3037679
3062419
3091973
3092582
3048029
3099813
3119722
3054126
3051903
3110167
3085449
3041888
3042597
3114856
3082424
3057340
3059999
3096319
3116080
3099490
3108672
3041881
3071767
3100366
3053637
3090785
3072844
3081607
3040849
3087999
3048467
3111171
3067759
3062083
3041097
3094245
3089752
3036341
3049066
3092999
3107097
3099506
3062124
3087437
3065337
3035015
3096750
3090395
3090676
3065546
3040123
3081128
3036860
3117735
3104995
3111557
3089356
3107605
3065549
3046334
3063720
3034509
3084417
3097191
3031297
3067193
3117516
3057297
3063626
3038723
3088407
3084768
3037315
3094661
3048343
3048459
3123004
3109775
3055604
3100868
3110918
3078616
3072434
3118089
3107909
3050209
3114037
3045143
3033118
3050755
3069753
3050320
3033945
3092980
3032461
3081189
3061114
3038539
3060220
3071316
3039960
3071909
3068008
3039214
3056209
3082097
3110487
3068978
3058980
3094305
3110419
3063475
3123223
3085234
3067725
3088861
3084598
3101869
3087778
3035146
3062649
3048141
3052124
3075257
3059753
3071527
3048983
3045522
3064813
3089033
3077828
3052728
3051557
3069896
3115622
3120926
3053194
3056362
3045464
3072008
3063036
3081638
3081392
3110336
3074160
3034537
3069153
3103626
3045631
3098509
3037993
3087685
3082508
3096356
3068174
3054152
3052501
3054610
3041365
3045127
3095930
3034886
3039406
3043129
3058282
3064024
3083013
3063659
3050745
3086098
3033389
3084586
3093591
3079295
3109341
3099180
3113785
3083525
3118898
3061663
3092253
3045527
3101034
3087237
3101395
3043337
3042521
3053517
3037751
3107649
3057970
3117923
3114633
3038887
3094086
3110552
3103673
3046367
3047265
3117136
3105537
3081272
3037491
3098151
3084515
3051208
3050735
3104254
3039878
3092647
3103523
3062021
3096557
3099676
3113232
3049998
3062883
3046790
3033645
3062081
3097582
3083269
3065020
3121303
3081762
3049876
3067280
3122224
3100728
3077190
3101057
3036446
3075524
3120162
3115937
3117369
3110275
3046826
3053621
3094797
3078188
3109463
3103383
3073175
3034596
3103728
3100043
3051884
3115962
3109671
3058169
3059708
3091240
3121797
3102759
3102594
3091229
3073899
3042507
3106895
3072384
3121331
3075233
3081730
3057922
3036111
3102711
3065916
3099496
3074550
3053841
3111332
3055063
3090825
3108701
3036870
3032201
3046681
3071604
3053371
3076218
3092761
3083036
3111799
3086947
3049737
3056708
3051568
3038582
3108765
3099328
3090919
3075889
3053071
3079972
3106284
3094789
3079210
3094935
3052014
3118580
3114461
3122730
3060077
3064146
3076013
3096778
3045845
3065981
3090859
3039647
3119689
3031931
3045922
3095517
3099983
3081358
3081003
3076714
3083519
3035568
3062881
3087181
3094933
3031590
3068049
3068016
3092655
3060777
3091467
3106354
3083606
3081889
3070155
3060873
3057400
3043246
3048380
3104425
3044670
3075130
3080994
3103431
3091831
3056057
3112686
3038322
3041072
3082638
3088126
3110605
3037255
3058330
3036302
3032818
3058244
3119166
3075812
3055741
3049867
3120261
3033215
3093037
3043718
3044379
3094356
3058499
3063306
3032776
3106461
3086369
3085849
3096280
3061891
3049025
3066597
3120917
3098310
3083759
3084105
3095401
3060421
3032706
3058620
3033662
3084419
3032598
3087012
3095352
3087156
3040784
3108651
3095093
3055512
3104521
3070143
3110762
3084998
3112896
3063024
3055907
3081973
3083704
3040546
3047404
3091689
3078656
3074889
3095834
3047158
3102138
3047015
3074562
3060312
3111875
3080420
3065584
3112435
3062885
3070657
3095611
3079511
3102048
3078911
3044365
3063317
3083275
3055626
3077602
3118181
3121034
3121761
3074466
3049061
3048611
3048399
3050071
3093623
3084475
3057496
3054112
3074170
3047785
3058049
3051417
3066819
3037776
3065323
3098935
3064656
3042612
3108794
3071333
3078152
3052294
3065357
3082053
3099758
3090739
3088153
3037304
3095029
3062597
3061333
3087789
3110244
3086925
3067710
3041171
3064193
3044669
3094618
3055839
3077575
3100665
3061527
3088358
3074305
3117507
3051130
3048971
3098551
3054640
3037418
3065620
3079386
3048346
3092131
3041564
3055514
3045743
3116899
3037846
3045814
3041260
3093960
3073316
3116515
3047148
3113199
3118751
3064899
3116221
3073061
3045718
3093605
3111367
3036026
3122209
3068238
3040462
3039729
3039456
3072784
3080032
3035877
3060615
3035508
3041060
3117969
3094971
3095845
3120913
3052683
3120879
3051041
3045581
3100029
3079055
3104180
3033963
3043005
3082885
3115121
3115774
3071115
3096192
3054433
3053339
3090260
3065544
3110973
3046401
3093733
3085026
3091338
3120061
3093470
3083175
3100445
3039722
3094890
3091389
3122085
3048577
3122731
3068248
3099732
3035969
3040808
3050701
3089993
3037723
3063727
3118556
3105782
3040624
3105995
3037393
3077038
3038994
3048308
3093943
3095040
3078299
3065306
3071416
3088708
3085201
3102328
3052399
3059633
3068566
3068481
3098761
3108003
3089624
3084851
3122965
3070385
3065037
3041689
3056599
3054715
3120643
3087806
3084915
3111648
3079765
3050077
3099809
3047736
3107266
3110883
3070822
3090016
3115739
3119050
3072826
3092378
3101711
3076256
3040080
3120426
3091130
3046232
3078151
3121374
3050578
3034917
3116535
3122321
3122101
3063181
3065087
3037469
3066920
3058908
3062557
3117386
3120374
3093974
3115433
3118852
3111618
3103301
3067834
3043498
3074155
3087866
3115876
3061201
3072283
3068869
3084566
3037496
3062442
3105563
3109421
3105060
3063192
3105906
3043897
3114720
3085864
3087302
3061475
3099625
3071228
3036019
3034256
3063070
3041291
3060209
3096748
3117963
3115480
3083394
3113829
3034040
3102040
3095897
3111392
3033487
3065440
3046737
3043424
3108466
3054183
3091568
3074696
3080295
3052956
3041037
3031893
3109652
3101187
3082985
3032169
3074047
3037218
3049308
3116783
3116252
3047088
3107663
3120821
3045346
3118320
3108067
3032439
3066655
3064153
3103760
3115030
3033686
3052446
3088572
3042694
3058167
3057765
3103371
3110517
3122914
3081471
3047642
3059216
3075139
3070135
3073373
3063315
3076597
3087975
3085775
3036288
3123235
3094819
3048215
3091080
3057443
3089976
3072797
3108609
3054646
3067483
3031668
3099663
3091806
3108260
3107788
3036679
3074744
3034275
3115798
3110062
3074867
3088463
3048929
3119684
3042692
3046923
3040959
3079420
3041270
3086803
3082540
3036686
3035485
3074139
3060219
3046525
3102338
3071232
3046500
3039242
3055059
3087792
3105517
3033025
3070400
3057432
3113940
3031566
3052765
3108232
3084065
3093536
3083815
3078291
3071207
3119339
3089773
3066707
3066184
3056395
3104121
3113509
3121665
3048741
3084354
3115089
3067580
3119999
3095373
3078529
3089942
3041296
3119451
3114446
3085748
3070993
3121276
3080761
3100042
3107302
3094834
3102441
3096217
3078041
3050876
3041535
3045333
3102988
3037569
3051127
3112471
3046948
3043263
3080795
3080030
3046051
3046928
3079589
3084611
3058221
3123353
3111196
3082620
3045505
3101508
3120979
3066339
3062593
3114483
3042484
3099399
3113482
3057171
3043568
3065067
3114477
3121159
3089828
3102039
3081782
3092115
3087813
3045499
3103102
3073863
3086008
3105769
3114807
3115678
3115019
3058599
3092451
3079014
3074733
3057399
3071046
3032507
3071215
3091592
3113169
3087478
3072811
3092799
3092612
3043501
3089269
3056730
3048851
3066230
3078674
3063585
3045071
3077731
3056737
3070634
3082708
3046451
3052783
3104252
3052681
3077447
3119660
3079868
3072919
3123097
3121239
3095588
3109532
3057481
3116203
3115179
3051739
3100384
3092128
3096896
3056013
3116973
3112913
3049687
3054060
3103410
3068323
3049597
3051737
3063823
3032479
3070950
3091865
3098826
3066271
3061867
3052817
3081828
3044115
3056373
3047401
3081618
3035167
3052594
3036136
3089306
3114901
3078795
3042469
3092591
3103041
3071535
3093351
3060466
3039025
3049054
3075761
3092831
3067424
3071605
3071327
3074223
3098155
3094857
3072555
3111868
3089467
3053449
3072957
3090100
3111951
3080923
3041840
3097066
3051625
3039708
3080202
3088760
3082458
3095798
3092628
3065902
3033109
3094242
3034269
3109787
3085567
3073252
3108154
3107241
3116903
3091272
3121258
3039451
3077806
3050142
3075192
3090157
3097088
3086887
3035471
3037857
3103652
3079530
3091213
3114571
3075114
3109040
3038044
3083807
3098989
3102018
3070605
3123070
3098313
3122089
3089909
3048986
3111778
3046083
3116919
3040067
3036292
3032119
3068684
3051001
3090308
3090698
3121750
3061918
3071764
3073469
3031317
3038609
3038674
3092118
3099645
3051833
3084078
3111885
3034391
3083609
3058235
3045914
3081211
3094271
3065478
3034601
3088113
3094420
3032226
3059172
3044401
3098058
3034802
3102176
3109291
3064016
3062264
3075024
3107904
3089242
3088564
3048510
3074517
3075852
3046124
3099422
3063790
3112477
3077406
3088026
3040682
3078282
3100305
3097460
3101075
3033073
3116762
3104621
3102763
3059135
3097346
3122520
3041885
3120990
3064114
3111948
3037065
3081882
3060729
3097049
3043780
3087885
3059642
3100249
3059778
3043389
3062875
3056850
3110182
3076375
3065795
3060669
3033340
3049595
3054577
3117875
3108015
3087724
3096227
3042441
3045371
3046598
3117982
3089141
3119496
3075671
3062989
3116209
3066448
3069475
3081998
3059352
3084935
3042845
3101631
3067567
3087215
3047643
3053397
3032478
3122973
3100600
3089831
3094550
3110317
3097562
3080288
3037292
3040125
3051169
3063903
3034677
3031759
3070818
3055102
3045413
3118395
3077934
3054777
3053996
3116769
3059896
3098994
3070747
3073156
3034194
3055763
3059895
3095025
3053877
3041981
3083599
3094869
3065558
3054231
3122838
3091155
3056379
3059073
3084152
3055850
3099697
3097452
3059862
3068640
3085733
3063762
3106706
3056097
3117018
3098598
3092251
3103531
3074726
3081951
3049151
3054515
3093420
3046378
3042437
3037209
3041347
3052886
3031398
3116740
3056674
3085103
3049032
3099764
3032563
3042552
3080221
3102169
3091801
3056388
3044865
3062506
3102992
3117641
3052931
3102963
3046496
3119218
3046060
3086649
3107423
3122083
3121538
3060608
3103159
3113542
3062170
3038168
3102793
3040409
3035235
3039148
3059170
3054734
3117058
3042159
3109357
3077340
3073946
3036696
3100351
3089456
3085707
3089717
3102461
3105965
3089433
3120200
3068590
3117604
3053017
3045295
3091685
3113991
3065143
3062047
3080344
3112632
3078476
3056620
3109624
3113854
3115651
3066907
3052265
3099166
3104923
3084981
3037787
3059062
3083176
3082774
3069728
3116882
3119398
3068011
3076960
3074062
3071859
3119081
3090648
3044706
3098694
3061145
3100070
3035328
3110470
3087137
3072867
3086606
3059449
3043885
3093776
3073836
3122070
3086757
3034104
3099820
3096218
3064619
3043616
3118982
3096849
3111424
3039572
3040754
3044705
3038235
3084144
3091001
3071735
3034116
3072046
3060969
3044749
3064531
3081546
3050149
3057717
3062378
3097420
3066491
3105215
3088366
3108334
3050100
3035260
3115948
3049820
3032429
3039292
3053444
3049984
3032433
3060564
3070727
3086175
3044922
3117260
3089528
3039502
3109195
3057697
3101366
3057026
3066102
3091439
3041108
3044461
3067434
3078218
3032463
3060004
3037622
3112521
3086871
3084082
3097659
3034263
3035284
3040903
3119353
3095088
3052274
3066973
3094275
3122624
3046779
3039531
3043280
3110922
3097228
3123180
3098843
3041311
3066120
3034550
3041130
3074391
3095160
3120202
3090386
3039826
3033771
3070489
3048173
3071953
3083856
3032605
3088322
3053087
3111873
3052128
3040266
3034200
3118401
3053000
3074405
3083261
3069604
3059620
3034441
3060626
3097614
3094608
3040805
3096943
3104352
3115513
3077069
3044035
3062018
3039747
3106851
3117474
3042614
3108633
3121903
3069466
3065624
3053224
3083497
3090253
3031249
3116785
3072800
3113983
3099542
3115505
3048133
3118052
3094004
3111509
3073265
3101162
3089998
3056284
3086457
3122041
3047239
3042497
3037947
3050633
3052072
3038277
3089063
3031601
3079047
3089735
3104415
3061756
3039935
3065952
3107890
3053765
3110754
3035100
3037416
3046959
3075039
3090407
3100457
3105232
3073209
3068310
3034044
3049178
3105911
3047557
3068954
3107985
3088260
3099658
3116571
3101008
3071072
3105034
3045405
3069215
3070898
3052640
3102619
3045036
3120241
3084803
3114906
3081145
3102439
3108953
3057323
3046308
3082751
3106112
3111243
3033682
3118369
3090867
3075164
3035799
3044020
3046670
3046682
3072027
3106601
3040991
3054569
3083845
3052774
3032095
3037794
3102542
3049131
3041304
3038898
3113425
3107226
3080310
3081133
3067091
3057711
3119319
3056918
3056497
3087817
3048711
3113134
3115042
3048566
3082333
3108552
3036061
3121427
3077597
3042638
3083784
3111226
3118472
3065204
3102271
3064415
3112129
3116136
3071350
3048436
3045460
3052551
3066690
3083721
3038551
3101133
3116059
3096362
3088578
3107872
3099141
3096787
3044525
3069840
3110713
3104730
3118391
3080830
3076497
3114681
3106005
3102366
3047982
3110926
3053873
3037345
3115736
3035301
3059505
3092056
3031956
3113276
3119132
3062728
3074004
3092165
3099312
3070780
3108850
3052313
3081079
3075679
3100024
3118672
3050709
3031220
3041966
3038404
3096297
3122176
3110707
3076458
3100975
3048881
3042658
3095813
3068406
3045334
3099103
3103983
3038938
3108783
3038555
3064850
3087761
3046663
3117524
3057728
3101031
3037833
3091705
3118360
3075430
3038455
3112167
3110940
3058299
3111808
3087721
3063126
3035400
3082512
3116729
3075485
3082532
3106276
3057572
3088457
3100185
3097688
3050188
3117089
3070644
3055229
3119198
3091534
3071736
3077165
3054665
3101310
3118288
3077424
3106089
3053853
3118797
3122484
3111837
3054338
3037891
3079650
3098632
3031639
3087610
3101317
3099856
3108022
3052771
3093563
3034074
3092282
3114431
3082434
3061487
3048530
3038610
3108818
3044604
3085903
3088997
3091694
3090851
3121048
3066042
3094032
3113026
3079268
3044107
3086306
3067368
3046943
3071199
3045263
3046198
3040713
3082431
3044544
3121299
3077232
3045061
3079997
3116909
3082163
3066828
3100574
3074256
3070194
3117360
3101639
3033490
3107311
3080948
3086164
3119855
3070232
3067410
3031917
3077893
3092850
3071036
3085503
3084391
3031957
3085961
3042533
3040571
3043809
3105491
3077396
3103284
3047706
3076892
3073868
3106964
3103788
3073049
3115277
3113456
3041606
3049458
3076464
3042665
3060394
3060853
3123177
3043260
3082425
3088881
3051604
3081339
3112687
3107162
3091323
3058296
3067976
3115301
3081012
3121963
3119525
3108592
3122893
3055750
3117436
3061019
3062027
3048815
3119612
3034395
3033480
3041759
3087929
3039131
3121123
3081121
3104118
3047559
3093865
3057498
3095778
3121836
3044210
3097053
3079812
3086627
3044060
3052077
3112858
3086657
3037302
3042501
3065251
3081630
3088598
3054617
3116389
3069953
3083248
3056642
3073390
3069018
3105876
3037977
3067023
3081225
3041653
3074803
3120526
3088484
3055159
3067408
3076075
3095218
3110502
3059491
3105466
3104526
3091528
3080850
3071592
3073663
3097849
3064257
3072282
3054098
3086302
3077320
3095771
3078351
3079788
3085112
3067997
3048888
3086270
3042544
3038080
3067217
3118486
3104946
3084640
3062080
3118050
3079853
3067396
3070121
3055836
3047210
3036710
3101941
3096679
3054534
3087375
3110675
3100996
3040850
3065189
3047139
3091440
3055346
3047050
3107857
3045746
3099258
3083316
3077785
3110114
3036808
3080652
3058387
3051971
3051882
3118233
3105515
3039430
3050632
3086952
3064820
3044133
3049606
3094514
3096084
3083621
3084806
3085928
3048972
3057567
3121021
3064570
3103334
3061287
3111555
3057116
3122990
3105996
3050883
3074918
3114850
3061478
3075660
3085698
3115868
3086923
3102869
3073812
3070324
3099183
3100014
3113616
3062844
3068537
3111351
3036809
3109633
3034082
3121820
3093059
3090276
3116328
3034398
3053334
3077163
3117282
3091812
3114604
3054147
3046497
3117196
3067750
3098502
3085559
3094110
3079637
3064712
3114139
3118009
3106525
3091703
3123220
3079816
3035263
3073742
3108090
3112475
3063154
3052647
3047765
3089412
3052224
3068236
3034970
3107825
3110352
3048265
3072835
3033440
3100580
3085796
3085848
3056733
3088402
3085586
3051695
3103403
3040822
3116296
3063668
3064877
3058574
3087836
3077592
3119415
3094607
3117835
3118821
3042069
3120662
3036470
3066832
3033281
3049491
3065737
3037924
3102810
3071866
3039978
3062616
3084524
3058598
3121269
3057064
3098576
3066893
3056905
3110402
3119813
3081990
3108704
3068685
3121865
3059823
3074321
3046417
3076171
3084942
3096339
3123209
3107585
3036559
3094683
3104956
3061740
3112052
3046939
3048188
3092312
3047967
3054125
3066699
3109337
3115140
3119522
3040785
3054293
3075496
3082797
3058948
3040672
3094440
3053266
3033886
3095528
3104336
3035722
3102849
3037636
3110333
3109108
3052744
3051580
3110485
3050474
3068763
3053415
3096359
3065207
3119101
3084957
3060932
3095069
3081749
3083305
3067455
3104821
3043169
3098459
3031971
3075632
3076507
3033295
3058222
3112466
3062874
3081742
3047102
3111043
3112016
3116089
3039034
3085986
3082849
3054644
3120412
3077076
3119293
3081402
3070254
3033213
3037551
3059493
3105393
3105307
3045664
3073578
3092351
3066684
3064561
3121054
3076349
3122963
3048251
3099694
3088889
3053474
3068664
3032904
3065764
3109237
3037420
3063247
3085353
3047316
3102863
3033581
3107997
3048670
3110258
3075932
3078260
3123149
3035109
3053239
3052816
3112205
3072457
3036008
3118588
3110955
3121506
3122240
3091390
3073652
3094360
3095354
3085454
3049557
3054154
3112014
3088078
3049028
3057748
3032130
3075753
3034668
3049250
3046160
3031202
3119310
3092542
3039512
3104013
3037044
3057943
3037506
3047789
3110357
3088510
3053526
3096692
3115103
3069044
3049996
3101832
3114897
3104386
3081675
3077035
3049407
3070245
3054229
3085238
3119495
3089833
3036468
3040842
3037948
3084292
3096878
3095265
3084177
3034726
3059763
3052587
3103187
3033450
3042574
3068002
3119868
3116831
3062310
3084257
3098112
3100436
3100469
3070615
3078386
3033591
3071031
3109399
3103449
3115343
3107146
3114428
3076018
3037246
3110363
3103666
3118598
3085648
3118862
3043176
3122754
3032561
3095459
3070169
3109300
3075658
3069088
3095858
3077952
3103527
3108961
3115731
3093695
3088202
3049296
3082140
3038221
3042493
3092381
3112636
3055183
3064932
3076901
3076702
3113705
3090094
3057738
3043414
3036398
3083702
3101197
3049778
3065753
3074236
3058254
3060739
3119948
3072482
3075568
3048281
3078654
3087428
3059813
3038029
3061314
3082307
3111417
3051376
3052065
3085611
3050765
3058045
3077678
3032246
3115734
3112968
3067027
3082724
3052117
3052408
3055352
3080359
3087118
3121097
3044955
3071132
3107133
3084201
3094960
3115896
3082228
3123078
3044049
3082646
3097110
3073736
3109000
3050358
3067727
3056930
3078441
3063813
3062929
3104304
3086673
3074678
3104049
3034216
3117257
3050914
3103594
3110853
3051387
3053652
3105440
3040110
3101913
3059600
3083837
3115261
3051268
3057088
3061874
3091161
3032402
3092089
3100804
3097193
3118732
3043182
3044594
3066135
3110854
3061251
3037043
3064427
3063575
3103083
3048492
3067885
3085825
3067442
3034460
3082349
3093339
3101261
3117873
3061947
3106547
3108562
3084009
3103680
3076008
3053004
3046052
3043619
3082356
3108413
3065376
3100913
3086927
3080291
3040102
3075566
3120293
3098223
3041557
3121812
3050020
3119105
3067392
3072553
3037534
3047111
3097178
3078733
3036364
3107644
3093270
3068563
3105592
3084704
3075003
3071945
3106063
3057673
3096168
3073017
3112145
3050517
3076264
3117654
3116641
3046210
3066302
3097324
3041916
3059219
3087367
3099158
3049811
3088911
3099520
3040536
3098704
3118684
3040748
3114586
3048850
3084787
3058399
3114126
3038470
3087007
3034259
3075816
3081210
3066632
3085276
3061402
3106303
3117289
3073586
3070715
3103204
3067067
3050113
3070475
3092797
3068426
3067475
3119393
3048313
3098621
3120000
3116527
3066417
3122908
3101275
3069220
3053381
3075427
3064275
3036144
3065167
3055564
3050021
3068591
3103862
3067052
3036716
3089248
3110395
3113516
3090274
3092950
3060525
3037007
3071959
3095713
3118077
3077096
3122654
3046414
3031395
3112187
3068950
3061571
3046164
3090718
3054486
3058279
3108904
3120290
3110215
3038350
3052277
3047454
3086751
3067754
3053543
3043936
3085612
3047118
3042471
3083122
3110012
3096684
3087930
3048496
3075672
3087264
3058585
3046567
3103168
3065554
3102861
3044259
3071338
3094982
3104373
3108040
3089101
3090955
3089270
3103092
3032727
3087994
3033754
3041870
3087387
3106454
3041095
3105724
3047449
3113174
3120277
3051835
3058340
3090715
3078362
3090627
3032240
3052576
3084263
3101375
3091395
3087597
3081385
3050211
3068810
3073590
3102264
3078573
3038358
3089851
3059418
3105174
3054309
3066998
3071190
3108547
3119262
3087978
3115082
3081425
3076584
3071737
3100380
3107804
3040417
3088266
3034590
3065128
3079357
3087336
3045377
3096151
3052431
3079586
3093075
3053506
3056718
3048567
3067113
3070262
3036374
3102037
3076234
3032960
3091672
3046597
3036749
3038513
3042004
3081214
3097865
3102778
3109709
3102488
3116090
3056269
3105817
3095970
3071540
3094000
3034754
3122919
3048588
3098540
3079943
3091817
3075205
3079529
3093544
3068006
3090207
3096259
3083060
3083434
3072717
3033681
3106348
3083738
3100842
3096665
3104807
3039868
3044176
3122748
3065850
3094497
3082609
3068197
3117568
3047623
3058754
3084963
3101432
3035479
3049243
3080543
3088926
3117195
3054983
3111781
3071304
3109088
3085260
3107912
3062351
3080693
3076030
3089989
3084908
3063534
3058994
3115560
3032525
3093317
3033202
3112496
3058460
3049596
3077823
3075352
3055479
3110303
3036485
3039177
3085412
3100471
3055977
3054445
3115275
3058592
3039617
3084199
3043613
3113787
3120830
3032193
3077160
3092656
3075786
3054056
3085982
3064814
3038662
3055852
3039607
3074286
3113393
3110627
3090166
3112743
3088459
3095211
3093617
3077894
3031269
3060885
3095129
3041971
3069201
3057242
3122431
3079980
3061840
3039912
3085600
3055501
3108186
3092358
3064342
3121382
3040221
3054820
3113965
3086720
3063879
3063890
3085195
3079241
3109834
3102588
3079656
3095802
3050018
3092422
3038932
3076043
3076742
3057039
3115624
3121851
3046608
3123174
3064661
3043610
3051372
3036480
3119379
3097911
3072024
3103227
3038108
3047773
3061470
3067229
3091608
3094840
3035075
3033860
3064268
3101446
3103086
3048297
3054616
3035910
3113637
3102980
3042401
3120494
3123000
3082975
3091772
3078913
3054282
3107664
3099810
3112957
3062986
3066435
3061441
3076671
3114274
3097646
3058506
3033680
3080581
3090542
3060503
3118242
3085361
3085912
3086504
3092852
3116685
3073257
3047085
3090695
3078847
3114202
3050818
3058490
3082799
3033310
3077911
3041318
3086977
3053559
3040947
3031762
3070919
3089494
3031596
3102615
3085027
3113865
3080393
3106104
3040771
3089580
3060884
3116892
3112612
3104469
3069820
3118631
3065126
3104052
3097556
3068912
3081434
3038327
3121063
3116917
3053799
3031646
3032116
3120878
3105320
3088787
3095103
3077960
3113691
3046245
3060238
3036371
3117400
3036291
3123067
3049541
3080297
3054919
3088614
3042443
3082959
3061456
3086521
3070536
3114630
3114109
3034806
3086444
3068078
3059413
3050396
3109302
3098651
3066934
3070492
3061626
3106221
3087637
3062063
3085351
3113759
3080727
3058696
3097169
3071043
3082368
3037979
3084329
3111260
3042021
3069009
3072600
3081743
3101938
3088214
3053490
3062009
3042602
3035776
3101687
3069742
3087212
3050535
3061465
3051070
3091537
3079604
3038670
3050321
3080185
3091156
3102092
3088470
3078310
3036336
3118883
3103052
3038461
3054868
3084488
3067452
3057522
3067998
3038758
3059258
3118607
3055378
3065217
3112326
3100953
3041069
3062937
3072045
3031533
3063901
3084907
3053301
3101891
3039660
3104520
3047665
3105061
3122079
3068813
3097938
3048988
3046363
3070084
3073945
3105719
3076917
3075083
3032041
3066037
3081331
3060774
3118642
3090137
3092344
3089350
3064435
3035727
3092731
3102125
3053422
3065941
3048540
3057855
3102595
3091359
3100992
3114697
3035277
3105110
3036251
3098036
3046011
3045601
3078398
3063997
3068691
3079427
3075911
3072112
3057941
3067603
3061576
3099009
3077501
3078951
3107196
3092238
3075036
3042681
3104417
3038249
3059021
3091621
3045537
3054405
3050084
3108778
3069760
3048576
3095024
3064826
3090441
3045897
3053364
3051370
3097694
3046166
3046512
3119739
3055793
3076862
3095155
3039231
3121566
3074262
3106768
3104396
3090191
3035602
3119575
3044083
3038874
3093739
3077913
3037920
3054995
3041399
3049709
3118540
3072764
3049716
3057235
3040464
3047770
3083077
3120116
3101313
3043637
3095983
3121516
3115165
3064409
3084255
3076933
3100987
3081179
3053075
3094096
3035396
3061851
3053159
3083527
3034565
3071664
3121962
3098821
3116531
3095109
3038743
3062694
3108424
3070426
3042680
3042635
3068861
3086268
3041638
3107137
3100588
3060616
3036473
3035524
3068316
3082793
3070216
3091773
3091253
3054738
3035510
3090111
3062930
3047935
3118478
3078771
3088835
3109170
3067923
3076520
3047625
3031592
3055028
3080280
3071646
3039166
3040584
3116167
3089943
3119798
3039118
3113764
3048024
3066451
3035651
3049964
3052735
3114597
3069411
3084578
3070196
3039795
3109305
3102213
3072663
3033667
3107589
3110559
3056242
3036232
3066188
3038131
3114051
3077387
3108103
3056852
3085160
3064036
3053389
3087672
3062391
3075894
3063410
3065433
3057813
3073821
3038619
3113630
3095958
3043559
3044252
3105674
3078902
3070473
3096204
3086266
3104684
3104419
3047944
3059225
3059590
3099373
3109248
3103607
3071165
3081306
3114317
3036646
3080078
3118002
3098868
3051843
3108457
3112432
3096360
3110377
3099254
3082365
3074547
3049495
3039517
3048473
3063457
3053889
3036265
3097183
3105838
3037409
3098080
3051301
3061860
3052979
3032759
3077738
3085396
3061760
3063740
3098449
3101475
3111175
3038849
3060805
3107255
3063775
3048162
3054716
3067646
3059384
3035713
3046962
3076213
3058808
3088574
3062460
3058766
3101114
3091460
3101867
3074573
3079662
3099008
3035703
3037087
3055445
3110571
3116863
3041501
3100624
3113466
3051541
3106109
3054346
3089525
3070694
3042261
3064336
3070955
3032368
3112297
3080922
3046379
3071435
3121910
3083246
3115988
3078689
3040706
3057427
3060244
3118462
3101108
3112511
3061001
3090436
3078384
3081384
3051824
3071820
3110921
3098030
3088133
3106938
3120534
3067644
3115564
3098511
3092864
3122635
3118713
3097463
3046362
3103995
3042194
3053890
3092606
3060673
3050094
3042197
3035334
3071383
3078780
3094567
3043858
3115071
3082409
3108863
3104483
3109515
3093627
3063664
3075438
3123225
3101588
3037851
3032978
3108688
3087037
3063478
3044823
3088746
3035998
3098995
3121520
3112645
3085262
3078702
3108728
3085109
3036043
3107939
3103377
3082123
3120228
3101119
3051986
3079150
3110499
3113902
3069089
3111067
3047748
3094182
3119059
3101773
3055964
3102528
3112384
3036169
3040463
3062499
3041609
3068102
3063671
3100926
3062888
3094234
3109928
3072701
3101648
3077279
3052266
3039246
3099742
3120074
3083397
3081661
3079222
3080457
3098865
3083212
3045445
3082413
3077734
3051054
3123105
3035470
3061062
3054567
3049544
3038496
3052954
3059646
3079859
3049533
3047350
3082873
3063978
3092928
3082251
3074729
3050052
3073186
3073729
3059233
3054662
3113813
3074436
3059464
3097921
3050889
3100271
3069981
3078971
3073445
3043218
3094580
3062958
3043368
3063166
3086688
3080990
3087755
3072405
3109281
3104641
3037699
3119214
3091615
3109449
3081063
3091103
3047470
3108507
3101147
3095507
3049628
3043421
3052658
3045623
3095761
3099240
3055885
3054923
3100750
3116971
3045410
3077626
3041218
3083020
3090473
3076253
3037818
3095339
3079808
3117060
3055540
3094980
3086860
3089413
3102761
3112478
3111942
3119750
3084501
3068748
3121672
3073169
3037573
3038930
3115796
3084002
3067134
3050946
3043178
3065522
3114322
3103702
3100115
3061272
3072186
3050852
3034372
3046250
3097746
3107403
3047722
3041578
3079280
3060606
3045297
3081114
3123154
3085525
3116003
3102444
3060933
3114216
3069750
3068716
3059609
3115629
3033802
3091545
3053796
3087259
3120808
3084798
3117250
3070525
3099252
3050730
3105886
3063939
3121131
3092158
3065325
3055152
3103539
3071259
3090202
3063064
3120399
3053327
3044314
3083121
3090620
3104233
3061934
3057611
3049725
3060473
3111500
3107002
3039950
3097168
3112439
3060733
3047707
3052225
3100121
3062323
3089402
3075462
3037459
3100055
3106807
3042409
3114993
3100997
3100627
3115032
3103019
3064125
3042460
3053462
3084192
3031378
3081934
3061379
3070658
3054896
3112214
3083584
3122593
3046146
3052766
3037811
3108607
3121033
3038100
3118905
3048098
3067596
3088985
3085529
3091271
3042537
3031221
3101630
3114793
3032101
3109149
3032649
3046714
3119836
3085888
3080008
3113080
3072713
3047902
3084101
3045065
3090589
3071690
3106186
3038288
3079325
3060973
3086674
3118963
3033838
3036805
3110200
3034936
3077004
3092985
3045632
3041431
3043571
3119735
3094926
3104617
3059130
3116978
3068782
3098489
3032418
3043430
3074818
3089333
3065696
3116650
3071296
3055963
3088068
3065106
3099616
3100051
3064041
3105842
3109966
3038545
3055275
3059731
3075218
3033603
3061280
3074126
3077072
3073105
3098760
3054153
3114261
3078115
3063198
3035768
3063026
3100847
3119371
3119902
3097717
3048154
3085285
3086408
3038822
3068111
3106635
3111185
3089145
3038502
3085553
3033819
3097079
3045748
3043309
3037950
3075677
3097432
3112451
3112723
3047152
3117575
3031750
3058458
3049619
3103542
3058109
3064643
3089255
3117937
3114943
3063074
3107818
3090632
3099852
3084829
3066400
3114639
3091665
3105505
3078516
3066138
3106395
3097820
3058953
3062282
3101682
3114393
3109265
3094701
3101452
3079074
3117509
3052174
3122191
3039979
3110465
3076369
3044854
3114618
3099355
3106037
3087923
3106680
3119578
3054663
3086832
3062188
3082070
3063676
3044812
3051471
3119034
3115581
3091563
3040158
3047497
3058596
3079525
3066297
3114761
3122473
3096702
3048178
3054857
3104487
3036098
3056525
3066004
3076732
3082005
3058430
3081740
3059161
3072200
3048791
3074284
3113786
3051299
3117104
3080141
3073371
3100642
3110851
3043083
3052415
3092938
3084571
3037262
3073054
3033840
3070537
3100502
3056107
3037130
3031299
3107980
3039056
3087256
3099151
3041115
3052535
3042743
3049801
3063809
3051594
3065081
3077955
3121581
3078225
3109791
3032941
3050584
3072739
3093622
3102527
3057161
3054308
3091466
3099053
3058218
3093257
3054402
3115981
3096380
3117286
3115212
3096593
3066890
3087233
3084735
3076883
3107429
3082723
3049886
3075128
3093234
3065159
3088327
3112509
3068967
3055965
3084980
3081617
3082729
3042050
3055938
3066074
3040190
3108874
3055240
3112944
3040598
3072375
3040171
3068774
3061022
3067628
3052148
3103458
3067271
3110583
3065333
3087526
3116797
3102084
3099305
3043524
3113282
3115956
3085414
3062977
3089391
3075432
3083551
3081806
3084718
3035290
3068536
3117586
3067591
3052919
3065645
3037650
3072327
3057361
3121396
3105688
3077238
3068207
3098548
3038717
3067593
3093994
3054855
3056489
3035171
3050155
3079828
3046297
3079984
3076686
3053181
3064711
3109648
3084888
3085372
3077775
3097259
3041036
3107066
3054558
3084376
3085204
3080672
3041566
3098217
3054421
3066917
3058538
3070578
3098881
3106225
3113258
3099727
3095114
3065677
3039310
3096008
3116704
3099388
3074118
3097745
3055576
3062750
3118070
3113961
3110857
3074615
3068400
3085040
3075688
3119512
3065955
3034279
3105806
3048857
3063034
3108216
3060451
3114402
3091597
3067887
3108696
3064762
3068373
3120423
3067668
3056416
3067960
3074682
3114942
3035367
3090808
3106739
3052629
3061444
3059195
3115768
3119520
3075584
3116902
3047959
3113293
3057568
3061451
3064523
3087206
3045955
3051178
3109861
3076441
3085082
3082734
3037907
3099651
3060517
3086534
3081041
3097784
3075945
3114091
3068337
3090108
3119265
3112342
3082416
3068163
3047920
3056080
3109603
3074459
3044718
3081777
3081577
3054306
3107113
3032064
3093467
3071890
3077746
3107214
3102142
3097607
3035979
3101340
3093196
3077717
3048963
3064303
3089181
3046150
3120168
3083051
3092220
3062872
3043464
3064910
3114196
3106824
3069699
3049848
3076353
3116039
3116072
3086078
3054011
3120096
3082503
3034889
3073060
3041879
3108730
3109439
3042640
3085117
3112984
3101960
3095143
3109203
3058312
3122195
3103661
3100478
3078288
3122340
3071793
3051709
3109643
3047183
3046048
3035852
3077366
3086918
3083537
3118886
3049114
3047473
3091175
3057314
3082325
3122148
3039866
3046935
3099865
3060416
3055046
3044410
3081604
3069052
3079918
3054283
3054631
3093658
3049758
3078615
3114380
3109758
3110649
3073983
3055868
3034901
3055381
3108812
3065483
3104489
3106137
3068791
3095742
3108402
3040126
3071125
3093151
3039640
3078709
3104054
3079791
3039515
3051957
3104250
3045072
3088716
3056223
3071914
3115096
3087641
3111016
3040495
3031205
3098366
3082838
3086242
3092231
3040164
3070994
3062398
3033764
3099767
3061066
3095847
3050478
3039006
3095216
3113329
3079095
3040689
3050383
3118586
3082803
3090736
3098251
3078739
3085688
3066736
3056348
3114289
3053833
3052534
3046179
3081038
3078872
3121657
3091462
3122446
3049221
3033037
3047838
3112876
3089552
3071335
3070584
3067940
3060691
3102093
3112566
3122611
3096254
3067625
3045272
3059589
3085322
3105583
3046932
3091995
3089476
3114497
3111949
3044489
3098932
3040033
3040275
3103130
3110418
3071112
3070690
3057955
3073920
3110325
3067842
3109545
3092802
3106737
3103207
3084097
3092613
3046279
3059156
3098763
3053771
3090876
3123133
3086477
3091752
3087476
3046642
3082772
3074168
3060667
3093201
3078686
3069675
3101089
3084666
3091361
3117015
3100768
3106506
3092872
3098500
3115014
3051031
3063138
3042922
3119195
3076489
3047240
3111836
3062806
3054996
3052693
3073885
3095625
3109537
3058984
3041627
3116952
3076752
3047487
3096752
3074605
3075384
3095335
3103692
3086144
3100888
3069129
3094010
3118915
3087402
3080818
3061999
3038696
3111233
3110513
3103171
3084212
3049852
3081627
3079344
3084429
3084188
3106562
3120102
3055658
3099458
3089462
3048534
3042064
3100549
3081967
3118533
3049761
3040549
3062134
3106236
3109051
3120078
3061480
3111169
3091717
3094131
3086434
3038318
3111050
3068903
3111596
3084342
3091085
3083727
3085242
3079169
3051812
3102985
3062859
3107576
3073270
3100553
3111095
3117128
3109240
3112905
3091413
3041904
3048229
3043611
3083068
3045033
3041767
3122442
3119253
3106239
3036565
3055728
3036074
3072139
3079318
3051583
3046220
3072907
3116064
3069497
3041199
3082343
3076657
3069512
3054263
3071371
3073346
3074917
3099750
3097509
3042282
3096266
3087453
3031551
3076908
3111750
3078846
3082268
3037519
3080993
3091932
3077299
3043850
3053608
3095949
3121103
3040012
3041449
3086717
3033134
3063256
3087113
3100979
3061957
3054700
3091766
3070641
3066520
3104311
3109395
3051253
3048004
3119355
3059463
3037434
3066307
3047723
3057648
3039603
3074220
3080049
3043553
3055971
3047017
3057356
3105677
3115871
3110864
3120652
3093251
3104646
3034363
3033051
3066016
3040346
3055434
3108890
3041992
3060627
3044760
3106833
3037843
3110779
3116852
3070708
3057882
3105962
3100894
3067343
3069689
3054587
3079617
3114025
3078777
3058835
3090493
3109806
3073174
3081794
3067034
3032872
3049574
3033834
3113121
3039646
3097157
3074636
3106848
3115166
3069058
3071744
3110047
3061075
3108123
3113436
3055708
3094870
3104913
3093304
3083973
3110530
3077479
3074699
3045338
3068722
3098497
3060695
3047632
3089102
3047561
3104470
3121969
3059415
3068106
3086942
3055249
3082639
3062003
3039363
3047949
3057195
3038405
3060334
3089028
3121648
3050646
3096453
3041112
3087299
3068638
3036345
3095986
3095048
3065041
3093388
3096618
3084441
3118169
3047832
3107072
3107481
3049393
3048261
3064857
3109798
3080595
3109744
3122895
3066474
3035364
3121624
3117629
3083896
3046473
3040326
3060062
3088743
3049510
3041838
3098626
3063503
3119024
3051783
3122505
3112257
3083825
3089579
3080474
3057183
3045352
3063893
3116684
3114658
3075942
3088909
3114001
3065109
3088533
3075190
3088923
3060232
3079203
3079326
3113712
3113827
3031600
3067634
3064476
3069329
3118800
3035730
3091728
3106689
3057379
3103945
3054968
3104026
3045025
3038409
3062500
3062121
3091802
3071150
3080043
3083223
3036017
3070161
3054446
3107087
3094337
3049134
3068258
3047197
3113208
3097551
3093916
3039872
3040551
3082740
3093837
3041872
3076085
3049536
3063480
3063259
3083214
3032205
3038070
3056443
3071974
3081724
3043108
3081480
3033942
3070450
3076437
3093346
3041576
3041184
3064423
3110289
3085137
3046000
3051160
3036274
3043382
3068825
3097478
3048197
3081989
3089838
3095197
3057532
3038884
3093968
3104255
3072540
3087828
3074539
3071750
3079820
3037929
3075124
3091208
3093778
3114458
3110407
3041313
3100422
3042776
3106491
3052010
3103898
3106540
3062215
3047697
3105816
3093011
3045330
3101037
3121186
3096287
3071572
3069121
3041589
3076102
3103901
3115334
3111076
3069544
3062938
3083128
3118622
3103062
3120195
3104432
3036298
3115807
3076914
3038599
3081764
3102915
3088599
3090742
3047839
3067986
3112500
3058894
3072226
3094137
3031869
3066427
3050006
3065585
3112948
3040167
3055435
3092466
3075734
3057872
3085155
3065648
3118439
3097006
3105638
3098823
3051396
3079123
3081367
3087592
3089558
3118053
3121136
3040384
3044523
3031280
3045500
3072569
3042867
3107672
3069658
3118660
3071954
3065051
3040434
3046910
3039250
3092571
3049345
3032363
3041780
3062848
3104022
3118407
3079346
3081893
3104919
3045825
3090786
3039295
3049748
3105934
3043989
3107774
3074379
3081178
3113968
3050508
3084119
3120071
3033137
3103208
3112530
3092082
3064741
3094415
3078963
3104390
3069792
3036816
3063500
3091384
3078164
3102517
3072801
3040312
3111747
3086738
3114282
3037708
3098958
3059138
3100795
3103265
3089628
3082834
3070229
3078445
3100041
3095039
3078337
3073359
3101145
3048136
3115012
3062453
3098618
3122766
3068686
3034354
3088492
3039110
3041161
3072933
3073028
3076682
3057043
3099146
3038225
3119896
3078746
3084469
3083262
3049107
3042386
3059096
3084122
3109498
3033169
3055618
3062594
3082656
3081251
3052700
3080053
3060274
3059835
3057248
3099747
3053786
3043126
3038099
3087150
3066119
3063816
3056368
3109538
3096676
3035292
3039415
3082058
3039480
3059328
3080125
3056073
3076814
3117731
3039773
3041758
3032607
3081946
3091002
3108883
3098602
3106369
3038164
3044143
3110616
3033088
3038567
3090980
3102918
3110270
3108142
3058394
3117951
3052093
3074083
3091557
3120904
3105790
3081059
3064218
3091121
3113861
3089536
3034356
3054973
3090468
3092357
3104445
3072624
3113237
3034304
3095957
3055001
3039984
3109813
3044370
3051977
3056437
3077249
3107401
3056653
3042812
3118953
3031822
3076195
3080482
3056887
3062253
3072914
3052269
3109499
3114611
3095853
3096983
3093124
3052599
3034564
3093904
3090550
3048025
3098282
3100645
3046713
3071683
3104532
3081327
3045350
3045484
3064406
3037122
3121113
3051864
3118356
3047074
3063377
3057915
3065295
3079882
3062565
3118680
3032108
3106906
3052944
3060684
3105578
3067992
3069464
3044873
3093343
3089187
3112223
3042909
3048237
3081654
3080892
3048189
3106472
3068704
3091682
3097764
3045978
3051256
3035884
3078505
3074673
3074387
3106331
3106658
3063796
3102373
3094559
3056347
3074772
3052929
3054203
3122672
3049652
3034270
3057957
3040291
3063001
3106893
3118163
3099285
3072136
3078594
3076519
3043832
3072502
3072749
3103859
3103905
3095655
3084775
3064289
3056168
3097954
3052552
3122242
3075576
3069686
3057483
3054593
3086280
3043419
3072944
3040471
3110959
3073847
3100226
3052596
3055933
3099629
3082640
3032613
3054081
3055355
3073070
3033820
3104565
3074134
3088784
3092909
3115086
3056004
3033253
3040380
3088456
3111848
3110511
3107781
3050900
3075209
3042684
3044535
3056086
3097766
3038715
3055141
3086127
3110678
3087928
3059885
3068366
3035904
3108011
3092008
3093619
3068873
3079348
3034019
3113491
3059154
3097429
3048087
3099527
3064926
3077685
3085932
3046712
3084609
3065392
3057284
3040303
3050919
3045314
3053370
3057210
3060985
3109053
3093817
3045950
3048115
3094432
3075486
3035726
3052134
3050575
3119114
3084241
3084966
3120876
3091643
3079073
3077490
3102463
3081776
3097960
3042492
3045937
3055133
3099059
3075686
3082267
3074593
3033332
3108463
3077836
3084139
3086103
3081356
3093436
3046317
3033939
3114005
3080593
3050781
3053148
3050184
3061363
3045388
3035558
3074392
3090833
3076696
3066881
3083960
3033246
3070881
3036430
3115609
3079553
3096338
3092997
3104284
3108917
3052108
3119748
3102006
3077766
3088316
3039066
3069261
3032862
3072442
3034516
3082943
3080114
3041930
3099098
3034808
3081562
3067068
3103635
3042551
3065066
3047327
3061872
3090799
3096309
3034042
3040643
3106158
3115180
3090076
3083908
3061166
3091020
3104422
3106003
3075443
3096731
3063780
3042788
3046238
3117103
3037376
3120105
3090306
3122288
3081881
3059092
3088971
3105524
3042893
3032455
3086800
3038068
3106442
3050502
3042150
3104977
3048289
3046574
3036200
3118492
3052978
3122384
3063023
3045713
3052519
3051988
3084160
3054526
3102775
3077310
3102638
3072572
3060002
3064076
3068567
3103638
3088660
3106167
3102552
3069518
3118727
3108193
3121094
3089867
3065999
3037099
3073948
3080949
3101532
3097470
3113557
3089904
3113168
3037981
3050861
3055732
3088279
3031597
3082430
3043711
3102506
3038512
3040910
3072633
3054730
3100114
3057680
3055245
3119479
3118085
3067254
3111235
3120032
3084440
3081692
3085154
3100777
3039051
3060476
3111261
3060148
3100909
3099005
3078439
3076663
3104960
3048015
3041537
3121378
3118003
3046346
3075440
