University
3125980
3130761
3126208
3126776
3125139
3127425
3128864
3131015
3127180
3129122
3127296
3129342
3128902
3125177
3129461
3125631
3126177
3126056
3127807
3129489
3129572
3127439
3130189
3131124
3128729
3128196
3127055
3129954
3131329
3130692
3125924
3128868
3130161
3125472
3130866
3125857
3130506
3129417
3129714
3126111
3127529
3131202
3131309
3130455
3127032
3127597
3130953
3131110
3126362
3128319
3127674
3127539
3129511
3130094
3127652
3125222
3126507
3130700
3130213
3129687
3128449
3130336
3131097
3127838
3127655
3131118
3129550
3129364
3127955
3131372
3128934
3131005
3130950
3129074
3128668
3127166
3131351
3128453
3127624
3127874
3126488
3128444
3128913
3127690
3131221
3127550
3129558
3127448
3126688
3125870
3125314
3131074
3127937
3128993
3129855
3131162
3130081
3128723
3130809
3125235
3127816
3127782
3125757
3128199
3130806
3125625
3127935
3125909
3129723
3125704
3129418
3129762
3128715
3131076
3128719
3127719
3126393
3125117
3125942
3127974
3127802
3128462
3128845
3128960
3128087
3130942
3127798
3129788
3126641
3128615
3128876
3127563
3128828
3128691
3127603
3126022
3130086
3130343
3129014
3126007
3126325
3126714
3130758
3127684
3128181
3126198
3128113
3126454
3128798
3128569
3125308
3126103
3126252
3130172
3125652
3131239
3129268
3128264
3130363
3125316
3125871
3130232
3125574
3126505
3126075
3128559
3130689
3126909
3126914
3128758
3128803
3126508
3130072
3128128
3128446
3129370
3128292
3129319
3125425
3125430
3129653
3126356
3129336
3129604
3129403
3130630
3129114
3130111
3130973
3127100
3127269
3129227
3128789
3126377
3130129
3126220
3131068
3128336
3126071
3128145
3126938
3127917
3126011
3126200
3127959
3130044
3127455
3130226
3127758
3128207
3127442
3125770
3130659
3125803
3130714
3126764
3127593
3130669
3126455
3125709
3127764
3126050
3125359
3129797
3127537
3125354
3127883
3125969
3130951
3125124
3129044
3125873
3127753
3130416
3129718
3126057
3129525
3129811
3125090
3130715
3130388
3129929
3126637
3130708
3129406
3125716
3127945
3126682
3125302
3130685
3125232
3125119
3128287
3129057
3125732
3125250
3127314
3125708
3130865
3127698
3125932
3125276
3130890
3126708
3125291
3127825
3126140
3128144
3131375
3127695
3129424
3125744
3130861
3125463
3129856
3128667
3130536
3129614
3125783
3130060
3131164
3129313
3125918
3130984
3125798
3127367
3126428
3127573
3128201
3127042
3127349
3131233
3128276
3125189
3127306
3125976
3126674
3130038
3126600
3125665
3130884
3130825
3130530
3130078
3128073
3128238
3130284
3127608
3130513
3128051
3126467
3125444
3130717
3127751
3129380
3127516
3126070
3127137
3127400
3128713
3127468
3129702
3129543
3126259
3127723
3128085
3128576
3128341
3130772
3127815
3129741
3128775
3128517
3126922
3125580
3127617
3127637
3131014
3127293
3126308
3128841
3125725
3128194
3129857
3127730
3129941
3130907
3130029
3128224
3129017
3130840
3131072
3127412
3131347
3127411
3127033
3126258
3128363
3128185
3128075
3128888
3130754
3127201
3126785
3128832
3128829
3129882
3128748
3130976
3129426
3128006
3130090
3127334
3129399
3130071
3129211
3129978
3127661
3131272
3129300
3126052
3126798
3131354
3129224
3129021
3128711
3126650
3127620
3125248
3128414
3128282
3127046
3128356
3128086
3131178
3126980
3124969
3129800
3131325
3127670
3128722
3130337
3126145
3130448
3125024
3129167
3131206
3126868
3125844
3127531
3129209
3130088
3127160
3129862
3125502
3130764
3125525
3129255
3126013
3129843
3128973
3125884
3129072
3127658
3128593
3129121
3129963
3128696
3125771
3130138
3126540
3128464
3130454
3130091
3126892
3128805
3127873
3126845
3128818
3127257
3128089
3128625
3126882
3126941
3129747
3126101
3129769
3129320
3128272
3125882
3127941
3128515
3131330
3130702
3129534
3129197
3128109
3127379
3127214
3130444
3125234
3125181
3128394
3126164
3128371
3125351
3129267
3126484
3129411
3129225
3125937
3127660
3129787
3126805
3130834
3127378
3128846
3130509
3129490
3127604
3126962
3128988
3126869
3129937
3129129
3129420
3129676
3127028
3127263
3128251
3129721
3127332
3125453
3127912
3125827
3127675
3127094
3129822
3128041
3130458
3125967
3125223
3126444
3125542
3125341
3130628
3127801
3125211
3128011
3129898
3129186
3130041
3130757
3128153
3125160
3130279
3129844
3125393
3129292
3130971
3126188
3128420
3129147
3127217
3128983
3127594
3125407
3130691
3131318
3128933
3128795
3127610
3125129
3126646
3127951
3126924
3125507
3125682
3125365
3130846
3130677
3127987
3130391
3124994
3129288
3130165
3130265
3130064
3127172
3130481
3127565
3128297
3125498
3125062
3129187
3127676
3128937
3129587
3129220
3125279
3131369
3126576
3127993
3128971
3127289
3128343
3125384
3126466
3128852
3128451
3130295
3127357
3126402
3128659
3127173
3127380
3130256
3130915
3128379
3126170
3125324
3128875
3128164
3130330
3129279
3130277
3130307
3130977
3129285
3130294
3126301
3129792
3127338
3126828
3127811
3129283
3131080
3126122
3128370
3126623
3131327
3130819
3130139
3125774
3128709
3128782
3128943
3129966
3127111
3125862
3125958
3125851
3125697
3127774
3131121
3126499
3126290
3128801
3126959
3125114
3129646
3126004
3126459
3127029
3128096
3130006
3131088
3128548
3125371
3126398
3127432
3128688
3130493
3126532
3128889
3128834
3127871
3130944
3128819
3129049
3125274
3130119
3126810
3129062
3125735
3127027
3128025
3129647
3131127
3129913
3127885
3125202
3126095
3129402
3128556
3129881
3126077
3127023
3127570
3125641
3125165
3130248
3125377
3125402
3128949
3126734
3130795
3127370
3130254
3129749
3125914
3125977
3127008
3126186
3131011
3127644
3130249
3127347
3130349
3127717
3128061
3125927
3129311
3125559
3126033
3128923
3125465
3128525
3125772
3126426
3125796
3130035
3128848
3127686
3127663
3125810
3125212
3130405
3128093
3126116
3130393
3126110
3127138
3127315
3127929
3130061
3130983
3130156
3126987
3130283
3125552
3127223
3129889
3126627
3128942
3127198
3127769
3129784
3126288
3130543
3130484
3128781
3131012
3130190
3129233
3127887
3129577
3126706
3128878
3126327
3125647
3129089
3130576
3131229
3126823
3126906
3128653
3128905
3130108
3130820
3127555
3128802
3129771
3128271
3126063
3125300
3129832
3127451
3127458
3128524
3125769
3128634
3126884
3128778
3127931
3131315
3128976
3128261
3127249
3127077
3128941
3130218
3125378
3131077
3129217
3130020
3130633
3130609
3130437
3129395
3128228
3129463
3125182
3130468
3124991
3127106
3130836
3130431
3127242
3129103
3127015
3127805
3130243
3127414
3125594
3129145
3130268
3126262
3129764
3126598
3130986
3128129
3127722
3126946
3127718
3125387
3126675
3129526
3130931
3127389
3127191
3129809
3127115
3126019
3129986
3131266
3127761
3130582
3125313
3130703
3125649
3128708
3127842
3129817
3128815
3128558
3125203
3125355
3126298
3127704
3130929
3131285
3127939
3131033
3127299
3129949
3128393
3130335
3129450
3126825
3126413
3127498
3127839
3126458
3126581
3125975
3126086
3126414
3129090
3130339
3126453
3126542
3130629
3130370
3127218
3130993
3126773
3131346
3125415
3128609
3127791
3127507
3127534
3128407
3130780
3125712
3126679
3129127
3126893
3126300
3129696
3125671
3129367
3126564
3130092
3128053
3126020
3127629
3131070
3127060
3127902
3126054
3130076
3127355
3129161
3125458
3131016
3126510
3131037
3131142
3127438
3127310
3128213
3127157
3128331
3126755
3129977
3129830
3125439
3130188
3128508
3125418
3125194
3130613
3126494
3130616
3126751
3125157
3128323
3130589
3129307
3131350
3125795
3127068
3128012
3125343
3126777
3128419
3130798
3126231
3127270
3127502
3127362
3131087
3128231
3125828
3130729
3125042
3129046
3127750
3125054
3129184
3127557
3125499
3125825
3125939
3129518
3130053
3127388
3131289
3128623
3128173
3128996
3128894
3129132
3129642
3128666
3125128
3128539
3128681
3128209
3130635
3125259
3128289
3130207
3131200
3127239
3128716
3128516
3125585
3129398
3129582
3130783
3127093
3128730
3129247
3126525
3130400
3130564
3127352
3131265
3129823
3129053
3126971
3128069
3126449
3130004
3126250
3129678
3126836
3130056
3126008
3126415
3126821
3129088
3126165
3130765
3130698
3127754
3128661
3129926
3127526
3128210
3129202
3128425
3128339
3131246
3129324
3130601
3125819
3127864
3129007
3127271
3130296
3127533
3131109
3125972
3127477
3127781
3125633
3126302
3130126
3129056
3129000
3125228
3127278
3126146
3127642
3125145
3130389
3128901
3126333
3126961
3125721
3127712
3130433
3127009
3126089
3127673
3127247
3129852
3126240
3125699
3126129
3127877
3125705
3129051
3128382
3131165
3126051
3127786
3130769
3125556
3130170
3126498
3128030
3128175
3129213
3125376
3126876
3131262
3126161
3130555
3125591
3129556
3126277
3125449
3125112
3127721
3125808
3126766
3128820
3129529
3129295
3127181
3126173
3130837
3130550
3126672
3129215
3131191
3125957
3130657
3127058
3126100
3125573
3126375
3128692
3130768
3126431
3128618
3131062
3127230
3127312
3129176
3129838
3130313
3129591
3131131
3125233
3131056
3127444
3127142
3131300
3127705
3128767
3129457
3130527
3129514
3128179
3129854
3128735
3126992
3126268
3125670
3129903
3128380
3127123
3129494
3125567
3128172
3125192
3128010
3127779
3128514
3128255
3129163
3126950
3125817
3126803
3128931
3128229
3131100
3128563
3128636
3128521
3129413
3131157
3129278
3130778
3126239
3128433
3128239
3127543
3125739
3130347
3129362
3127552
3128244
3128570
3126951
3128248
3127282
3125047
3130919
3129757
3125761
3130926
3126280
3129790
3128752
3126982
3129630
3125910
3126349
3126182
3129164
3130087
3125167
3130744
3126610
3131349
3125193
3131150
3127743
3126612
3130131
3131170
3129939
3130432
3127894
3125450
3126242
3126434
3127823
3127179
3126038
3130621
3125519
3130015
3131182
3131250
3125187
3127716
3129869
3130116
3130826
3129907
3127549
3129948
3127586
3130077
3129964
3127131
3127216
3129022
3126053
3127654
3125328
3125999
3126205
3125683
3125759
3131046
3131295
3130215
3129825
3129218
3129808
3126594
3128536
3129544
3130314
3125283
3128956
3128281
3129430
3131307
3130245
3128039
3129326
3128955
3128580
3126883
3127466
3129375
3129431
3127409
3127118
3129576
3128262
3130136
3130480
3128844
3130878
3125544
3128119
3130720
3130124
3126583
3129545
3125107
3128002
3130833
3128790
3128447
3130499
3131201
3127513
3128705
3126090
3128250
3126404
3128182
3125954
3125988
3127479
3130275
3129439
3127820
3128520
3127487
3127826
3125776
3131297
3130835
3125557
3127219
3126771
3127335
3125834
3128763
3125669
3131278
3128205
3130823
3128945
3126954
3130897
3130231
3128413
3125532
3127331
3130770
3127075
3131193
3130377
3126470
3125417
3126244
3126037
3128277
3129389
3126533
3129666
3127541
3130195
3127818
3127076
3127701
3130386
3126800
3128908
3125306
3127946
3125793
3127308
3126034
3128492
3127799
3128047
3128581
3126151
3129097
3129711
3126511
3129744
3128184
3129737
3127276
3130489
3130618
3130518
3126118
3130424
3129936
3127437
3129553
3127386
3125213
3127850
3130701
3129219
3126888
3126852
3125805
3125619
3130367
3129081
3128504
3129486
3126948
3126671
3125961
3130051
3128599
3126127
3131019
3125140
3129644
3127547
3127176
3128190
3129596
3131155
3126894
3125698
3129703
3128500
3126354
3126303
3126194
3129643
3130310
3130497
3125208
3129012
3125336
3126754
3129005
3129289
3131248
3126545
3126427
3127323
3126360
3128158
3126582
3125461
3131081
3130030
3129783
3130829
3130947
3127279
3127881
3129751
3129040
3127407
3125041
3128753
3128712
3130453
3127387
3129743
3127188
3129006
3129409
3129437
3129354
3127007
3128491
3126640
3129863
3130658
3130329
3127790
3127401
3125812
3130599
3128189
3127470
3125864
3130572
3128180
3129337
3127030
3124984
3126185
3127921
3125832
3125742
3125856
3125244
3126293
3126137
3126856
3125762
3128554
3131079
3128312
3130069
3130168
3126885
3129198
3127720
3125363
3129316
3126855
3128862
3130154
3126739
3127133
3129230
3129355
3129688
3128111
3129447
3127099
3126677
3130914
3125162
3128435
3129700
3125448
3126082
3128409
3130588
3129810
3130731
3128286
3130135
3127681
3130498
3131034
3130710
3127420
3126285
3128930
3126890
3130608
3129315
3126861
3125170
3125517
3128044
3130978
3128728
3130411
3127213
3129824
3129706
3129571
3125511
3130959
3130456
3130559
3131174
3128843
3128469
3131043
3125590
3131144
3126044
3125883
3128737
3129745
3127300
3129540
3125648
3131184
3125196
3129116
3125605
3128927
3127915
3128671
3129373
3125860
3128349
3131287
3127434
3127920
3130185
3130600
3130289
3130943
3128918
3126684
3129453
3126374
3127564
3127158
3126125
3126384
3128518
3127809
3131039
3131044
3127185
3130373
3127746
3126420
3129082
3125191
3131276
3127669
3125526
3130719
3126344
3129407
3127521
3128148
3130859
3125399
3125921
3129333
3128422
3128358
3127298
3129330
3127656
3127440
3125275
3126799
3129763
3126352
3129840
3127938
3127819
3130173
3125152
3125615
3128232
3127108
3126599
3125598
3125551
3126490
3130269
3127141
3126765
3127443
3128785
3126069
3126655
3129244
3129077
3129134
3130927
3128784
3125093
3131211
3130421
3130596
3127694
3130052
3126513
3126666
3128912
3129972
3130810
3125197
3126770
3127267
3129551
3130466
3128903
3131028
3125949
3126949
3126260
3131141
3128139
3125579
3128635
3126547
3126654
3125923
3130142
3125101
3126703
3128648
3126944
3127965
3129902
3129651
3130202
3129221
3128070
3129682
3131094
3130141
3130023
3129780
3128916
3129257
3125816
3126523
3129106
3130546
3130100
3129906
3127358
3130127
3126024
3128637
3129602
3129617
3125837
3131333
3125719
3126556
3125687
3131217
3127739
3125420
3129261
3129314
3127729
3125529
3130619
3126589
3126758
3130606
3128842
3128550
3127908
3126692
3124999
3125070
3128267
3127848
3128915
3129154
3126815
3125142
3127067
3130240
3126595
3127398
3125677
3125701
3125471
3127234
3128662
3131348
3131059
3127416
3130501
3130863
3128097
3129934
3128402
3129953
3128374
3129517
3125694
3127986
3128378
3131002
3126078
3128473
3126952
3127252
3128042
3128170
3131286
3125401
3131253
3130713
3128693
3129438
3129748
3128892
3129615
3125297
3126862
3127578
3129254
3125147
3131031
3126834
3127130
3129306
3130214
3126483
3129029
3127305
3126226
3129600
3126813
3125875
3126463
3130706
3125443
3127846
3130818
3125717
3127911
3127968
3125466
3128234
3126424
3129405
3130316
3129019
3128962
3127114
3125038
3131021
3130750
3128773
3128269
3126644
3128052
3126450
3127197
3129767
3127096
3129025
3125065
3125991
3127004
3126430
3130887
3130488
3131257
3130994
3127612
3129349
3124971
3126059
3129996
3125475
3129589
3128886
3128265
3125548
3131215
3125998
3126592
3126407
3130346
3126812
3129622
3125225
3131060
3129149
3130378
3127152
3124981
3129466
3126168
3127324
3127020
3129522
3128198
3126340
3129458
3127792
3128294
3131317
3126162
3125318
3126351
3127903
3128953
3129503
3126117
3129170
3125424
3129791
3127615
3128138
3128392
3125578
3127817
3129027
3129911
3127457
3125782
3131388
3125621
3126348
3128037
3128430
3130532
3129028
3125151
3128540
3125100
3125685
3125479
3129276
3125260
3126936
3126530
3128922
3127598
3126657
3130510
3131320
3129064
3130567
3128998
3130288
3126392
3128455
3126553
3129819
3127039
3125541
3125962
3129018
3126365
3126278
3125528
3127086
3130420
3127583
3130548
3125643
3130430
3130332
3130461
3126562
3129179
3125029
3126157
3130475
3130985
3129533
3126615
3126084
3128439
3130905
3127051
3126206
3127814
3129231
3126730
3130007
3130219
3127241
3125920
3127339
3126269
3130084
3126109
3128411
3130900
3128364
3125688
3124970
3129806
3130785
3127981
3125846
3128595
3127083
3129104
3126480
3130508
3125840
3128480
3130096
3127169
3129083
3129432
3130128
3127054
3126967
3129173
3130841
3125205
3129738
3127975
3127904
3126585
3125903
3129343
3127748
3131092
3129912
3126217
3126713
3126321
3128495
3125747
3129793
3127900
3128079
3130203
3130407
3125150
3126150
3128814
3130054
3126423
3130057
3130257
3126487
3126495
3126996
3129578
3128256
3126875
3130574
3126947
3130048
3127734
3128633
3128857
3130681
3126631
3130419
3130451
3125200
3128791
3130198
3127226
3126549
3126826
3128511
3128018
3130869
3129868
3127726
3125881
3126074
3130860
3130808
3125085
3126060
3131001
3128040
3131095
3127554
3127979
3128140
3127194
3128009
3125252
3130333
3125911
3127835
3129467
3128291
3129623
3128560
3126634
3130418
3129826
3125711
3125811
3128465
3125398
3128351
3129861
3126661
3130922
3129598
3130577
3126693
3130723
3127038
3129390
3126807
3130324
3129686
3127590
3130948
3126788
3131218
3128830
3126667
3130805
3126759
3125607
3129725
3130784
3129983
3129570
3125845
3129815
3131135
3126174
3126697
3126976
3126694
3127208
3127749
3129222
3126608
3127322
3129499
3127853
3128098
3125586
3130664
3125385
3127601
3130699
3126978
3127568
3125123
3130850
3125661
3128187
3126956
3125919
3126930
3128235
3125025
3126121
3129959
3129308
3129166
3125072
3129528
3125955
3128626
3131312
3127222
3130427
3131024
3130290
3131342
3126061
3127727
3126439
3126342
3126366
3126757
3130447
3125508
3126618
3130122
3131373
3127632
3126405
3128641
3127104
3128990
3129309
3126535
3128509
3126323
3130704
3127256
3128885
3127072
3128854
3125214
3129896
3125492
3130212
3127244
3125082
3129332
3129516
3129479
3126312
3129303
3131353
3127395
3129945
3127650
3125758
3130267
3126838
3129657
3125076
3129345
3125262
3128157
3130974
3127501
3128837
3125198
3127879
3131261
3128700
3126617
3127657
3130617
3127044
3129472
3128065
3127186
3125431
3130325
3125219
3126257
3131169
3127220
3126387
3125289
3127295
3127480
3125007
3128631
3129538
3127036
3130660
3127538
3126780
3125231
3128279
3125386
3125481
3127984
3128680
3131000
3125251
3128906
3125348
3127668
3130655
3125433
3129905
3127631
3130113
3126291
3131107
3126396
3126506
3129532
3129753
3129841
3125023
3128856
3128466
3129636
3126283
3125564
3128586
3126080
3125034
3125681
3129052
3131010
3130636
3127429
3130738
3131149
3125390
3126578
3131138
3131180
3126659
3126664
3129890
3125715
3125153
3128077
3130176
3126512
3130517
3127735
3128116
3128307
3130371
3128424
3131103
3129820
3125752
3128706
3128412
3125789
3128831
3126203
3125895
3125953
3131227
3125785
3126557
3130017
3126787
3128601
3126359
3130442
3124979
3126989
3130885
3125028
3127311
3130811
3128592
3129777
3126548
3126559
3130682
3127613
3130877
3129865
3129478
3125858
3125938
3125640
3125684
3125130
3131066
3127128
3131382
3130946
3125435
3127733
3130896
3129325
3125246
3126526
3130605
3127949
3130049
3125340
3129386
3127089
3129708
3128643
3129709
3126382
3127830
3129927
3128975
3126322
3129999
3128542
3131132
3125879
3126795
3129109
3129075
3125040
3129226
3128293
3127957
3127540
3130331
3127988
3125869
3125691
3127634
3131108
3127714
3126943
3125176
3126088
3130443
3129119
3126108
3130319
3130679
3125504
3128375
3130566
3131242
3126292
3125138
3125088
3126606
3126350
3131175
3129059
3126156
3127291
3126249
3126790
3129731
3129746
3126175
3129237
3129833
3126985
3131020
3126636
3129864
3125004
3124974
3128985
3130309
3129035
3127989
3131290
3129946
3129724
3130705
3128617
3125745
3128003
3127281
3126668
3127757
3127372
3126265
3128573
3127165
3126919
3127918
3126223
3131099
3129201
3125173
3126104
3127890
3128788
3129459
3128498
3129474
3127510
3127627
3128512
3127641
3125020
3126247
3131370
3127465
3125630
3130360
3128000
3124978
3130989
3130486
3129781
3125271
3127474
3125158
3127248
3127396
3128742
3129265
3127925
3129952
3125616
3126926
3126695
3127150
3126343
3129606
3129318
3129958
3128811
3128463
3125254
3125568
3126658
3129388
3130301
3126953
3129078
3126328
3127206
3130033
3126442
3128639
3126857
3128564
3127561
3126190
3128074
3126899
3126502
3126229
3127862
3126966
3126878
3125521
3131356
3125748
3127821
3127648
3126935
3125713
3125470
3130842
3129169
3128359
3127687
3127304
3128468
3126388
3125258
3128161
3126910
3127572
3128242
3129414
3129541
3125373
3128377
3129850
3125515
3129436
3126171
3130790
3129102
3128685
3126837
3128879
3129669
3126621
3126367
3130255
3130955
3127494
3130446
3130739
3129351
3131355
3130436
3128383
3127452
3127240
3126120
3126712
3128839
3126601
3127392
3129031
3129719
3130362
3128237
3125986
3127343
3130162
3130875
3129204
3130449
3128759
3129069
3126081
3129485
3130485
3126662
3126046
3129470
3126521
3127891
3126264
3129339
3125346
3129904
3131063
3129329
3125971
3126509
3129813
3130500
3126136
3130969
3126656
3126979
3125654
3128969
3125058
3128141
3127052
3130962
3126587
3129492
3129073
3130690
3128738
3125344
3130282
3125304
3129441
3128165
3129733
3129692
3129603
3125775
3126974
3129162
3126114
3125207
3127576
3129699
3127685
3129392
3127767
3130981
3128655
3128057
3129886
3131026
3127909
3130949
3128572
3127522
3125209
3125533
3125984
3125555
3127625
3128698
3131003
3127266
3128029
3125583
3126448
3127509
3125338
3129875
3130514
3127736
3129908
3126916
3126622
3129634
3128611
3129068
3130554
3130298
3128911
3127364
3130844
3126915
3129481
3130472
3130824
3130193
3127286
3126294
3130211
3126197
3127936
3130285
3127763
3128725
3127082
3130932
3130338
3127980
3129105
3128263
3126945
3128591
3127499
3128306
3128686
3128385
3125673
3129135
3130383
3130413
3125227
3129001
3125353
3125242
3126704
3126680
3127747
3128880
3129671
3128387
3127190
3131256
3128398
3131027
3130928
3130132
3126418
3126353
3127643
3127858
3126027
3131387
3128350
3125767
3125959
3129156
3130560
3126329
3130815
3130668
3130521
3124987
3129259
3128582
3127476
3130640
3129455
3127462
3127868
3126651
3128727
3128694
3131298
3126527
3130241
3129726
3128192
3130024
3127789
3128440
3125888
3131226
3125906
3130868
3128959
3129475
3128507
3128304
3127065
3127200
3130341
3128280
3128454
3130408
3129932
3130762
3127059
3129758
3130164
3128353
3127013
3129950
3129256
3126001
3127709
3128489
3130876
3130873
3128477
3126452
3130782
3125813
3130721
3125838
3129588
3130774
3129756
3127514
3130494
3126040
3126386
3130728
3126747
3126917
3131284
3125284
3129108
3127569
3126076
3129232
3128739
3129055
3128687
3129985
3125330
3127031
3130422
3127162
3127882
3128527
3130736
3130439
3125057
3127265
3125044
3127611
3127854
3131263
3131335
3125968
3130779
3127856
3127125
3125012
3126775
3127056
3126937
3125635
3128362
3129768
3126023
3131167
3129968
3126209
3128765
3131122
3128833
3125237
3129421
3127884
3130956
3128594
3128553
3126446
3129422
3130558
3128270
3126854
3130603
3130242
3130206
3125922
3125286
3129847
3125733
3126363
3126469
3127371
3130404
3125830
3127210
3126925
3126626
3127677
3129281
3125303
3126501
3128092
3128496
3128871
3129873
3129124
3127066
3125850
3126833
3126345
3128472
3126881
3126638
3129683
3128208
3129677
3125037
3127691
3130381
3131030
3129973
3130637
3126031
3131022
3130591
3129440
3125356
3125013
3129605
3129801
3130676
3125672
3127288
3128211
3130666
3128324
3130598
3128429
3127731
3126566
3128314
3129328
3129579
3126744
3130423
3131302
3130227
3129599
3129240
3128547
3130563
3129679
3130299
3129412
3128522
3126829
3126860
3129302
3130315
3125195
3127402
3126172
3127544
3128571
3127303
3129275
3130114
3129229
3125033
3125171
3130542
3125263
3126563
3128171
3126357
3125126
3125554
3129536
3129191
3129356
3126482
3125629
3130109
3125889
3126376
3129734
3129239
3125617
3125768
3126055
3129140
3125741
3130148
3127992
3126569
3125995
3125859
3126195
3130776
3126212
3128459
3125666
3125294
3130626
3129365
3125428
3126536
3125982
3126097
3126905
3131311
3131114
3125956
3125928
3131047
3129597
3125036
3131209
3126394
3128395
3126443
3130749
3126778
3131139
3130644
3127527
3130753
3127638
3128966
3128001
3128397
3129512
3129842
3125071
3125491
3129542
3128783
3128334
3128488
3128204
3130204
3127071
3127489
3126355
3125620
3126144
3129065
3130534
3129036
3130359
3125108
3126629
3128322
3126723
3127101
3128260
3129799
3126705
3131219
3126907
3128924
3127893
3125693
3127927
3127672
3128861
3126543
3126902
3129638
3130251
3130464
3125802
3125389
3129043
3130828
3125614
3125746
3126698
3126722
3131147
3125000
3128299
3127913
3129925
3130357
3131252
3126904
3126411
3126253
3128629
3130528
3130894
3129113
3129183
3125754
3128575
3125053
3128431
3126831
3129592
3127037
3130047
3125710
3127490
3128724
3126851
3129980
3126154
3125473
3127711
3130438
3127991
3127431
3127330
3128766
3131238
3127047
3130578
3129471
3125730
3128734
3127532
3129595
3130678
3129639
3129013
3129185
3125841
3125531
3127483
3129795
3125807
3126473
3124995
3128974
3131212
3128345
3130025
3131053
3125172
3126403
3131065
3130586
3130920
3130262
3127998
3131216
3127459
3126737
3130980
3128426
3126337
3127768
3129382
3126496
3125763
3127943
3129836
3127360
3129631
3125596
3129443
3126201
3126873
3128994
3130595
3128475
3130169
3127460
3130021
3128530
3128024
3125039
3127619
3129989
3127517
3129304
3130101
3129340
3126879
3128117
3131025
3129752
3127626
3130397
3126222
3129266
3126981
3126073
3131071
3130003
3130392
3129921
3127744
3129058
3130368
3125868
3127204
3126824
3126461
3130075
3127074
3125055
3125050
3125960
3128390
3128303
3126378
3128587
3130247
3129381
3127503
3130179
3126282
3130320
3130730
3126255
3124992
3129493
3129079
3125848
3130011
3125892
3125078
3127143
3126918
3127250
3128835
3129501
3130220
3127851
3128501
3127045
3125908
3128972
3127841
3125651
3130502
3127755
3130348
3128130
3125075
3127832
3129141
3126015
3131381
3128957
3131111
3128914
3129159
3127316
3127413
3127741
3127326
3128858
3126620
3129876
3128274
3129273
3127449
3130667
3127808
3126504
3126083
3130972
3129951
3127385
3130562
3125089
3130843
3129236
3126310
3129531
3125943
3131075
3130996
3128055
3129610
3125951
3129452
3129914
3126551
3126219
3127562
3129974
3127403
3130696
3126211
3127264
3126274
3130966
3129987
3125061
3130791
3129334
3126921
3127580
3127671
3129454
3131213
3129955
3128545
3125634
3129667
3130653
3128987
3125003
3130482
3128120
3129286
3127092
3130031
3130952
3128026
3126234
3127738
3127844
3126036
3130845
3127800
3125322
3128033
3127098
3130891
3127227
3128779
3125609
3129814
3126105
3127934
3125099
3126373
3126202
3127707
3131344
3129003
3127336
3130553
3127107
3126518
3128638
3128800
3129701
3128315
3125788
3129803
3131264
3127026
3128870
3125925
3130938
3125293
3125561
3126338
3127399
3130366
3125081
3127016
3131259
3125750
3129096
3127901
3125406
3128574
3129681
3127699
3129619
3126307
3127472
3128310
3130238
3131241
3127053
3127950
3130040
3125880
3131249
3127333
3125736
3125426
3128568
3130340
3126021
3125866
3125692
3126067
3126383
3125985
3125457
3127804
3125467
3125602
3130028
3128203
3125983
3125575
3125026
3128503
3125901
3129770
3127171
3130201
3125766
3125608
3125565
3131058
3126965
3128986
3126324
3127374
3125403
3129848
3127050
3129011
3130796
3129860
3129659
3130066
3128428
3129353
3126802
3128566
3127119
3125729
3127628
3126912
3126062
3131328
3125898
3129335
3131177
3126026
3126224
3127976
3130945
3125979
3125309
3130002
3126995
3131236
3125206
3130364
3127329
3127003
3126786
3127870
3131069
3130751
3130261
3125653
3127947
3125105
3130380
3131128
3128776
3129899
3126963
3126018
3129442
3126142
3127585
3126858
3127253
3127863
3131260
3131304
3130940
3129377
3125784
3127215
3130694
3128855
3128406
3125021
3130935
3127775
3128404
3127062
3131098
3126593
3130375
3127633
3125120
3128526
3128290
3130398
3129736
3126560
3127375
3130581
3129625
3127888
3131166
3129180
3126727
3128733
3127831
3130062
3130305
3126339
3131368
3130008
3127164
3128337
3125493
3124976
3130575
3129909
3127446
3125490
3125581
3130271
3125423
3129567
3129520
3129425
3128135
3128221
3131073
3129715
3125218
3130318
3129496
3129243
3131116
3126422
3129092
3128071
3129010
3128142
3127238
3125438
3126516
3129298
3130752
3130662
3129818
3126605
3128167
3127168
3129347
3127577
3125660
3130906
3130032
3125080
3129004
3130908
3129789
3129385
3127752
3129637
3129067
3130112
3125048
3129190
3126143
3128743
3125074
3129045
3125413
3129933
3126472
3129284
3129798
3126665
3129773
3127463
3127254
3128418
3130680
3128220
3126102
3126464
3129205
3126478
3130036
3128584
3129473
3127829
3124985
3131036
3126624
3130146
3128106
3130286
3125523
3129893
3129877
3129730
3130163
3129805
3126515
3127148
3126266
3125264
3128121
3125349
3126741
3130788
3127596
3125537
3130200
3130210
3130085
3131245
3128442
3126743
3125505
3129887
3131018
3128672
3126983
3126064
3127478
3128544
3127616
3128543
3129146
3124972
3129348
3130773
3125667
3128273
3126870
3130522
3127622
3128123
3128332
3127080
3125329
3128995
3127740
3130767
3130787
3126395
3130569
3125569
3126602
3128910
3129527
3130306
3125087
3128366
3124983
3126968
3126390
3127493
3127605
3128660
3128810
3130457
3128168
3126841
3130490
3126216
3129228
3127966
3127542
3125916
3125066
3129772
3129580
3131032
3125135
3125320
3129086
3126752
3125030
3126850
3128676
3128622
3128471
3130718
3127892
3127581
3125241
3127447
3129710
3129759
3126958
3125861
3130099
3128400
3130396
3130034
3130831
3130244
3130073
3125404
3125891
3127797
3125440
3128215
3131294
3130228
3127582
3126047
3128143
3130792
3125019
3125432
3127381
3130958
3126462
3130274
3128216
3127126
3127124
3128080
3127342
3126762
3128952
3130641
3126028
3127962
3128318
3129189
3131130
3129039
3127662
3129047
3126577
3127391
3127225
3128330
3128222
3128376
3130067
3129878
3126700
3125899
3125794
3128373
3131220
3128534
3127623
3125728
3127907
3129627
3128612
3131089
3126141
3130155
3130544
3126901
3126497
3126552
3130917
3130303
3128754
3130535
3129203
3127728
3131288
3125312
3126808
3125987
3125674
3127706
3130385
3130624
3125132
3130177
3128163
3126148
3128076
3128600
3126440
3128771
3125484
3131207
3127606
3126804
3130103
3128807
3130639
3127896
3128352
3129216
3130000
3126550
3129716
3128015
3127382
3126132
3125410
3126715
3125778
3126839
3126176
3130851
3127967
3128900
3129965
3126609
3126017
3131230
3127012
3125397
3125175
3126866
3125285
3126625
3128020
3128736
3129379
3130587
3128647
3130192
3124996
3130755
3127861
3130573
3128436
3128365
3125743
3126774
3129488
3131145
3127930
3129940
3130152
3128107
3127017
3126571
3126735
3129661
3127132
3126877
3129378
3126561
3129178
3127404
3125144
3125786
3126663
3131113
3128048
3128316
3126213
3128938
3127078
3130585
3125638
3129034
3129560
3130647
3127595
3127766
3126479
3131366
3128932
3126199
3130911
3130183
3126029
3130957
3125339
3131115
3127423
3129192
3128219
3128551
3126106
3131054
3125509
3129084
3129435
3127803
3128777
3127667
3127659
3128268
3127982
3127964
3131188
3126579
3128745
3129361
3129504
3129885
3125645
3129358
3130802
3128679
3130429
3127688
3127571
3129070
3130281
3130302
3127211
3126179
3126898
3128461
3127469
3126957
3125494
3125518
3125364
3129269
3127475
3131299
3130862
3129155
3127139
3129112
3128008
3128506
3130462
3129884
3129922
3128126
3125495
3127116
3125446
3129609
3127895
3127969
3125217
3127693
3131085
3126233
3128817
3130276
3126720
3128110
3125360
3128147
3127081
3129195
3130545
3125015
3130097
3129282
3129138
3128438
3126043
3129030
3126319
3129128
3130879
3130918
3128684
3125720
3130652
3126166
3128202
3129524
3124993
3129484
3129566
3127351
3126336
3130686
3127048
3129210
3128577
3125952
3128309
3127983
3125179
3127127
3129401
3125282
3126079
3130459
3127319
3130921
3126616
3130230
3125577
3128225
3129650
3127504
3130223
3129901
3125695
3128860
3127320
3127155
3129464
3127297
3130297
3127970
3126042
3125317
3131125
3130748
3129133
3126005
3128909
3131194
3128882
3130880
3129691
3125731
3129835
3126334
3127040
3128619
3127647
3128602
3129272
3125592
3130287
3127928
3129690
3126238
3128399
3128388
3125323
3129363
3131361
3128649
3129294
3130864
3127785
3127203
3127963
3125408
3128732
3128230
3126642
3131275
3129720
3128896
3129633
3127942
3125236
3128823
3131274
3128757
3130999
3129327
3125419
3126210
3130799
3126397
3128499
3130180
3127933
3127136
3129150
3128360
3125755
3130273
3126320
3131192
3129115
3125749
3129766
3125083
3127135
3129549
3131343
3125524
3129742
3126248
3127259
3131129
3129858
3127309
3129238
3128982
3126874
3125310
3128740
3130579
3131042
3125489
3130308
3130584
3130830
3128050
3125163
3126128
3126014
3128206
3130470
3127591
3128233
3128344
3130321
3128646
3127109
3127129
3126169
3126818
3128704
3126586
3130979
3128755
3131303
3129575
3129961
3131321
3127787
3130627
3125380
3125122
3129151
3128253
3130184
3126204
3129834
3126119
3128021
3131119
3129923
3125216
3130888
3128247
3129024
3131105
3125787
3129206
3129026
3125994
3127260
3126330
3125220
3129684
3126158
3126994
3125381
3125874
3126791
3129991
3127113
3129242
3126726
3128585
3127906
3128669
3128944
3126635
3125562
3126517
3129050
3126590
3130186
3125296
3125325
3128423
3131048
3125801
3130208
3126263
3128981
3130010
3127021
3126782
3129410
3128806
3129668
3126276
3126138
3126827
3130800
3129374
3127784
3128490
3125753
3127525
3128031
3125366
3131232
3129290
3126331
3128651
3130516
3125706
3130925
3128049
3127377
3126149
3131210
3129562
3127011
3130107
3130524
3129993
3125287
3125113
3130590
3129460
3125180
3125989
3127085
3127492
3128127
3125321
3128714
3125096
3131051
3125818
3127233
3128751
3129200
3128531
3131057
3129094
3129194
3129419
3126896
3131008
3128372
3131137
3129085
3128760
3126230
3127845
3131214
3130150
3125032
3125005
3129505
3131154
3130059
3127482
3130934
3129548
3128859
3129778
3126830
3127496
3130070
3127916
3131255
3126781
3126767
3128919
3127559
3130483
3125847
3126748
3129680
3129547
3125540
3126341
3125131
3128821
3129628
3128899
3127977
3126630
3128016
3128650
3126696
3130745
3129786
3129918
3130547
3128124
3125612
3130874
3126763
3128992
3127618
3129728
3126993
3125829
3126389
3129126
3129740
3128673
3129565
3128302
3125478
3130435
3130604
3126135
3125436
3125973
3130975
3126619
3126591
3128197
3130870
3129120
3126181
3130903
3131280
3127436
3129761
3127014
3128756
3131337
3126514
3129654
3126433
3131017
3126911
3128258
3128549
3126633
3125566
3129935
3130855
3125781
3128240
3128443
3126998
3126900
3129695
3128628
3130893
3125538
3125052
3125727
3131313
3126235
3128794
3127290
3125245
3130634
3128721
3128102
3127069
3126270
3131292
3127405
3126988
3129483
3126702
3127110
3125929
3129568
3129160
3131006
3127997
3125487
3127070
3125780
3126769
3126476
3130965
3131197
3131364
3129469
3125116
3129689
3125409
3130159
3128298
3126955
3130463
3125454
3125703
3130525
3126133
3126934
3125429
3131151
3131009
3125077
3130881
3126045
3130889
3125092
3129872
3129557
3131291
3125815
3130716
3124990
3131326
3130105
3129694
3131223
3126159
3129143
3125756
3125106
3127156
3127063
3130867
3129693
3125022
3128683
3126228
3129754
3126872
3126296
3131251
3129750
3130583
3127692
3130839
3130104
3130697
3125700
3125474
3130012
3125696
3130615
3129208
3130300
3125332
3128178
3127344
3130803
3129658
3128043
3127847
3129287
3131181
3127121
3129698
3125946
3131153
3131052
3129624
3130272
3126940
3130157
3131334
3128452
3129277
3129482
3130167
3125059
3130797
3131277
3127261
3129297
3129157
3126738
3128537
3127810
3125043
3130495
3129359
3126669
3129816
3130278
3128249
3130374
3128036
3129041
3128149
3128682
3125199
3128654
3130735
3131104
3127467
3128056
3126251
3130110
3131161
3130909
3130505
3126447
3127794
3126335
3125136
3128853
3130684
3128259
3130082
3130531
3130487
3126441
3130930
3125169
3125261
3128494
3129502
3131102
3126933
3125843
3127151
3130246
3130898
3130140
3126880
3131126
3126867
3128386
3129491
3130937
3129555
3127390
3125933
3126923
3128004
3127134
3129717
3126408
3128254
3130625
3128744
3128108
3130740
3125031
3128762
3130650
3129299
3126864
3128115
3129023
3128035
3129462
3128749
3125369
3130812
3125238
3127518
3129971
3125589
3130759
3130476
3128470
3126973
3127745
3128296
3125164
3126332
3127000
3130892
3126068
3126189
3130997
3126275
3126091
3129870
3128533
3131301
3129535
3128939
3125326
3125299
3127318
3127313
3129722
3126297
3127209
3125210
3130027
3127958
3125676
3130387
3126628
3130648
3129249
3126814
3125269
3129564
3126155
3129171
3128808
3126184
3130042
3127996
3130614
3125079
3125367
3130848
3131224
3130933
3129196
3125618
3130777
3131035
3130428
3126113
3125907
3130260
3126611
3125593
3130093
3128605
3127366
3126832
3127174
3127609
3126286
3126984
3126537
3131050
3127140
3126049
3129015
3125503
3125588
3125865
3128095
3125887
3131143
3125156
3126928
3130541
3128792
3129357
3130967
3127813
3129125
3130913
3127923
3130425
3129942
3127302
3128948
3126246
3127091
3130665
3126724
3129828
3130672
3129969
3131156
3128961
3129685
3126643
3126160
3125051
3126652
3125595
3131148
3130733
3126485
3128555
3125539
3130237
3129584
3128699
3130258
3125375
3130674
3130354
3126817
3127702
3128005
3125456
3126000
3129988
3131222
3130209
3126299
3126844
3130222
3127006
3125765
3128169
3130526
3128538
3131345
3128891
3127732
3129594
3127383
3126725
3127664
3125970
3125334
3125350
3126632
3125656
3131386
3131235
3127511
3125485
3126701
3126789
3126232
3126761
3128162
3129246
3126002
3127346
3130450
3125337
3129400
3129916
3127683
3130145
3125049
3129608
3130019
3129779
3127567
3130602
3130580
3127914
3127932
3131243
3128697
3129645
3127592
3131084
3125247
3131086
3128417
3127430
3128227
3129344
3126806
3125295
3128642
3128598
3130853
3127441
3130663
3129613
3126964
3128979
3125737
3128497
3124988
3127043
3128246
3131120
3130838
3125098
3129910
3130252
3127899
3130793
3127924
3127221
3128689
3126842
3125550
3129982
3130936
3126010
3130477
3125056
3126607
3129131
3130571
3129144
3128482
3131117
3127183
3127435
3127363
3126886
3128146
3129416
3127373
3126889
3130199
3131198
3130786
3128519
3128131
3129975
3131055
3126718
3130410
3130671
3129735
3129804
3128726
3127520
3125679
3128059
3125558
3127356
3131383
3129137
3127651
3128904
3126972
3128177
3128747
3126096
3126072
3127406
3125496
3125886
3126929
3130402
3126749
3126237
3128278
3127778
3130954
3128338
3125240
3125948
3128014
3125996
3126435
3127926
3129020
3129338
3125270
3125981
3128342
3125963
3131379
3128112
3127665
3126451
3129188
3129487
3127184
3129476
3128487
3126346
3126903
3128652
3128608
3127530
3130661
3128445
3128935
3128082
3127122
3127408
3127486
3126372
3129495
3125265
3130050
3129193
3128448
3128347
3126409
3125823
3126196
3128588
3130960
3130883
3131281
3129675
3129087
3126603
3128589
3127097
3125582
3128151
3125188
3125104
3130352
3125069
3128078
3128094
3130474
3128191
3127178
3128787
3126863
3128333
3128415
3130395
3125102
3126913
3128217
3130747
3130568
3124975
3128434
3125560
3125936
3131171
3128100
3126094
3131271
3125723
3126207
3128840
3131283
3129897
3128926
3130326
3130512
3129384
3125331
3127348
3127960
3125459
3130924
3127773
3128122
3129957
3127519
3129707
3127192
3128063
3127187
3126580
3129674
3128761
3126779
3125714
3130263
3128396
3125168
3126528
3125965
3130355
3130270
3128081
3131007
3125545
3127393
3126567
3129331
3127154
3130153
3127859
3128562
3130426
3127454
3125268
3126058
3127506
3126491
3130832
3126717
3126990
3126969
3128836
3130549
3126227
3125370
3127144
3126816
3131244
3127354
3127715
3128408
3125239
3128877
3130147
3126432
3126254
3130264
3128019
3127488
3126421
3131352
3128266
3131338
3125610
3131152
3130058
3125690
3130478
3126380
3129546
3126012
3127653
3130369
3129515
3129383
3126481
3127426
3126908
3127428
3129048
3128357
3126317
3126740
3125221
3127275
3130537
3129241
3129760
3128579
3125379
3129593
3129880
3128125
3127090
3125814
3126783
3129250
3128311
3124986
3128746
3130327
3125394
3128275
3128809
3126534
3128997
3125597
3130174
3128665
3130827
3128022
3128028
3127079
3129561
3131203
3127710
3125388
3125186
3130789
3125912
3129107
3126710
3131323
3125468
3129009
3129611
3125600
3130130
3125027
3126731
3130083
3125726
3125664
3128541
3127103
3127167
3127780
3127294
3128847
3130910
3128620
3128621
3127341
3125836
3128060
3126604
3125659
3128561
3130014
3128710
3129829
3127607
3125512
3127397
3126369
3125611
3129620
3127649
3126041
3128670
3125563
3127147
3128980
3126796
3125935
3126289
3129994
3128958
3126977
3126690
3128741
3129796
3126819
3125678
3125947
3128965
3130597
3130912
3129938
3128838
3125447
3126676
3130479
3131004
3130046
3127886
3125345
3128218
3127666
3125764
3126746
3125149
3129248
3128884
3127195
3129369
3129621
3128084
3127528
3129451
3129732
3126846
3125822
3128154
3130727
3129585
3127268
3126474
3129635
3125460
3131367
3128032
3126546
3129652
3127708
3127235
3125599
3129917
3130804
3125941
3129372
3130412
3125008
3125352
3128597
3130178
3129037
3128058
3125806
3125319
3131305
3129962
3131374
3128925
3131146
3125779
3128717
3128720
3127212
3126304
3131187
3125913
3129956
3127328
3129891
3125301
3125534
3128062
3128769
3127515
3130620
3126760
3128532
3126215
3129312
3125159
3131363
3125637
3128851
3128887
3128946
3130434
3126456
3128917
3126678
3130594
3125111
3130970
3129322
3127285
3131360
3128288
3130963
3128644
3127057
3129894
3130886
3127956
3130123
3130441
3125604
3129981
3126318
3126471
3129038
3131013
3127284
3128437
3125809
3125278
3125290
3127551
3124997
3125396
3129849
3130379
3128604
3127461
3127025
3129590
3125650
3125849
3129271
3125361
3125358
3128690
3130328
3130507
3128528
3127621
3125945
3129498
3130552
3128797
3127678
3125606
3125797
3127878
3131359
3128391
3126437
3127952
3129837
3130687
3125011
3125722
3128346
3129434
3127783
3128486
3128245
3131186
3128663
3127175
3125587
3126306
3125137
3127614
3129423
3130807
3125718
3129839
3125740
3126797
3130849
3125416
3125513
3126699
3128947
3128460
3127433
3128614
3128150
3125046
3127770
3125826
3126733
3127760
3125257
3128103
3125632
3125115
3125395
3128283
3126287
3128300
3127584
3126565
3130445
3125357
3127301
3127880
3126281
3131324
3128348
3130009
3127948
3131336
3130675
3129944
3127725
3131376
3126445
3129371
3124998
3129900
3127369
3126649
3127713
3130646
3128325
3125060
3130623
3129310
3126489
3125627
3126039
3130904
3125642
3128677
3130460
3129234
3125603
3130414
3126178
3130409
3128101
3130998
3125427
3126942
3125738
3127777
3130557
3131308
3129821
3128873
3130194
3130593
3126772
3126261
3130556
3130725
3125010
3128645
3125662
3130292
3129207
3130961
3127491
3126460
3129827
3128624
3130452
3126401
3126822
3129509
3125272
3127566
3131240
3128046
3125273
3128193
3127876
3125668
3127394
3126092
3130622
3129573
3125001
3125009
3128476
3130941
3125896
3127473
3125445
3124977
3130649
3128083
3126847
3125464
3130645
3130529
3127170
3129785
3131133
3125462
3129530
3127337
3126016
3130221
3127985
3125315
3128867
3128505
3130224
3128105
3126801
3129774
3125414
3130638
3130895
3125488
3127236
3131316
3128567
3126670
3128236
3127353
3125267
3127292
3130854
3130229
3126689
3125894
3128936
3128780
3129851
3130149
3129867
3125760
3130847
3127415
3125305
3128478
3126573
3130592
3127024
3129632
3125178
3126412
3130074
3128583
3128940
3128159
3129559
3128023
3129415
3128703
3129258
3128321
3130695
3126597
3131163
3131357
3126794
3131205
3127229
3129874
3129831
3131134
3128091
3126256
3127376
3129705
3129251
3127061
3131254
3130353
3131258
3125185
3126683
3125451
3127424
3127867
3130469
3125018
3128257
3128565
3131204
3127508
3131270
3128088
3129263
3128457
3130651
3127456
3131106
3127703
3129136
3129670
3128212
3125915
3128367
3128813
3130018
3130987
3128354
3128929
3128786
3127418
3125644
3125626
3129341
3128155
3130133
3126457
3125014
3125686
3126465
3127898
3129664
3125148
3128355
3125570
3129002
3127828
3131377
3128827
3129586
3127196
3128450
3131078
3131234
3128970
3128774
3129601
3129042
3125613
3127019
3127837
3127481
3127327
3130376
3128678
3129142
3125452
3126721
3130171
3130709
3128718
3131389
3128984
3126793
3129293
3125249
3126750
3126183
3127971
3125411
3127010
3125877
3127756
3128405
3131029
3127159
3129794
3128793
3126218
3127897
3129928
3130160
3129446
3125016
3125510
3130816
3126865
3125790
3126214
3129223
3128920
3130079
3129574
3130817
3126475
3127602
3129301
3127228
3125477
3127536
3129616
3125095
3128866
3125791
3125226
3128978
3127990
3126653
3125553
3129391
3126848
3130037
3130068
3128874
3127696
3129148
3125546
3128812
3130732
3130205
3126792
3127940
3127120
3129629
3126099
3130995
3125657
3126613
3128481
3126245
3131082
3130916
3129641
3125835
3131176
3130741
3127919
3128166
3125992
3130401
3126939
3126399
3126711
3126687
3126486
3129100
3128590
3128850
3128999
3126368
3126379
3130259
3126895
3126180
3129396
3129274
3129960
3127365
3125506
3128305
3126284
3125154
3131310
3128796
3125146
3130724
3129930
3127105
3128295
3127872
3126419
3128950
3127018
3127307
3128104
3130939
3128898
3127796
3128804
3128799
3125017
3127558
3128403
3131159
3127759
3130344
3125792
3128897
3127889
3125547
3126887
3130551
3128456
3126648
3131247
3125441
3126429
3128502
3127485
3131136
3130406
3125993
3125068
3130280
3128188
3128881
3127589
3126006
3126192
3127163
3126316
3129408
3127645
3130871
3125288
3125063
3129095
3126927
3128223
3126311
3125867
3128613
3130781
3129448
3129111
3126124
3125853
3126645
3129712
3126295
3128152
3126871
3130191
3126729
3127772
3130654
3125372
3131172
3131168
3128067
3128872
3129755
3130115
3128327
3127630
3126529
3127524
3131385
3130465
3129165
3130390
3131282
3131267
3125820
3129672
3126271
3129346
3130856
3129537
3129656
3125006
3129427
3128427
3125067
3126400
3130356
3129444
3126541
3130334
3128552
3129776
3126438
3125833
3129739
3129433
3130013
3128616
3125872
3127635
3125831
3129883
3129997
3125890
3129665
3125646
3129697
3129583
3127049
3128893
3130538
3128883
3126273
3125572
3128921
3130852
3128731
3125091
3130902
3127860
3125516
3128607
3127145
3131049
3127384
3126112
3131273
3126558
3126784
3127464
3130771
3131296
3125086
3127450
3129429
3130043
3126719
3128313
3130098
3130923
3129071
3130175
3125930
3125073
3127084
3131067
3128007
3127495
3129139
3127345
3129846
3127283
3127994
3127978
3126417
3125422
3129581
3126193
3126931
3130515
3131195
3126153
3125400
3127788
3131380
3129262
3125486
3127697
3128241
3129235
3129765
3127245
3130089
3124973
3128529
3129468
3130683
3125141
3125514
3125184
3126685
3128013
3129990
3129663
3129510
3126691
3127422
3128764
3129177
3128136
3129807
3130239
3125863
3126279
3128656
3127812
3127855
3128750
3126686
3127679
3126126
3125298
3129153
3128176
3131225
3125500
3127724
3126492
3130311
3128328
3128226
3129919
3129626
3128657
3130293
3129397
3125636
3126391
3127064
3128768
3127836
3130080
3129992
3130533
3131158
3125663
3129245
3130235
3130196
3130766
3126809
3130250
3126087
3127553
3127574
3131064
3130561
3130317
3131231
3126134
3126098
3127202
3127087
3127262
3129118
3130491
3125689
3125215
3130990
3130225
3130095
3130350
3126524
3130467
3128054
3128640
3128702
3129099
3128770
3125133
3128674
3125522
3127833
3126975
3125751
3128701
3128156
3130234
3126732
3128335
3130496
3126370
3129662
3129264
3125434
3128951
3131319
3129480
3128535
3130813
3126568
3128317
3129110
3129376
3128484
3130899
3125799
3126025
3129465
3128137
3129704
3127910
3129260
3125885
3127410
3126309
3127822
3125536
3125243
3130519
3128630
3128369
3128895
3130415
3130794
3125437
3128467
3126358
3130143
3128964
3127771
3130964
3127827
3130857
3129445
3127834
3129063
3126236
3128072
3127639
3126554
3126997
3130737
3131041
3128816
3129920
3126728
3130872
3127905
3128928
3129892
3128174
3129350
3128474
3125121
3130403
3126326
3129366
3129853
3129607
3128320
3125702
3128513
3130417
3125097
3129428
3130734
3126986
3131040
3130440
3127117
3129098
3126768
3130121
3125842
3130384
3130342
3128557
3130726
3129168
3129101
3131268
3128695
3128421
3129172
3131384
3130693
3126371
3130511
3126406
3126596
3125201
3130760
3131023
3129998
3127640
3128134
3126030
3127232
3131093
3130005
3129270
3128824
3125773
3130217
3129539
3131322
3131378
3125900
3127646
3129152
3128038
3126163
3125893
3126811
3126840
3125917
3128132
3127427
3125878
3125675
3130473
3131083
3127922
3126123
3131314
3130016
3125483
3130216
3130756
3129727
3127146
3127545
3127161
3131189
3130822
3127953
3129214
3128432
3128849
3128627
3125804
3125707
3128968
3126681
3130722
3127041
3125183
3127421
3125412
3126742
3129521
3130612
3126315
3126313
3129995
3124989
3127274
3130055
3128826
3125045
3125855
3127177
3126425
3130611
3129782
3125940
3129296
3127153
3127350
3126639
3127523
3131173
3129091
3127875
3129477
3127207
3130539
3127034
3125926
3129449
3126753
3127224
3126009
3125905
3130312
3127548
3127806
3126960
3129368
3126272
3130304
3126500
3125109
3125134
3130361
3129360
3129456
3127471
3130125
3127824
3127560
3130643
3130503
3125333
3125382
3130158
3128301
3130117
3128340
3129924
3128596
3126131
3130253
3125266
3129895
3129713
3131237
3131365
3129008
3128954
3127189
3128410
3127258
3128027
3129673
3128603
3130197
3128632
3126361
3129569
3130540
3130565
3125327
3129507
3130045
3130144
3131293
3130821
3129513
3130039
3130746
3125628
3128863
3130988
3130901
3128963
3129648
3131096
3125253
3128869
3127251
3130801
3126572
3131279
3124982
3130688
3129775
3128458
3127035
3130610
3129979
3130858
3125127
3131331
3130631
3125230
3127849
3126673
3126660
3125944
3125161
3130382
3128064
3128664
3125482
3131112
3126820
3129076
3125655
3128034
3126381
3130399
3125497
3130102
3125190
3129054
3130120
3131341
3126588
3125118
3128658
3128401
3130523
3128389
3125204
3125442
3125549
3130991
3126853
3128308
3126538
3128989
3127762
3127575
3127682
3129199
3127869
3128090
3125224
3126364
3127273
3127280
3125535
3128523
3129612
3125974
3127095
3127505
3127073
3130711
3126003
3125530
3125280
3128546
3130233
3130673
3130632
3129888
3129500
3125362
3129130
3128483
3125824
3129032
3127999
3125383
3126093
3129729
3131185
3131179
3128195
3128578
3125934
3126130
3129305
3125255
3126835
3126843
3125374
3125281
3127765
3128099
3129984
3128610
3125800
3128479
3127361
3129321
3126147
3127193
3131358
3126999
3128326
3125584
3126584
3126716
3126167
3127112
3126243
3130065
3130504
3129563
3131228
3125623
3129943
3126493
3126503
3128606
3130151
3127325
3128285
3130106
3130712
3126614
3125103
3129866
3130982
3128361
3129066
3127840
3130471
3130187
3128133
3126267
3126544
3128329
3127852
3127237
3126241
3128381
3129802
3126745
3127368
3129554
3125897
3127359
3127484
3127002
3126531
3125777
3125094
3126152
3126522
3131123
3125143
3125002
3125125
3127246
3129649
3131340
3127022
3129033
3130607
3129640
3129016
3130166
3127588
3127843
3126065
3130182
3125174
3127742
3127182
3131090
3128017
3131332
3129352
3126859
3127340
3129845
3127419
3127944
3130394
3126085
3127954
3129655
3130266
3126187
3125405
3126897
3125571
3131306
3128967
3128441
3130992
3130291
3130372
3126991
3125421
3129080
3129879
3125852
3129175
3130743
3127689
3126032
3126305
3126385
3125342
3127857
3129967
3125724
3130570
3128825
3130358
3129323
3125256
3127149
3128416
3128186
3125035
3129061
3130968
3125576
3131269
3127497
3131208
3129523
3127973
3128384
3127445
3125527
3127546
3126756
3131183
3126647
3130137
3126707
3129812
3129497
3126920
3128707
3131160
3128284
3127500
3126539
3131101
3126520
3131190
3129393
3127317
3126410
3131339
3125480
3131362
3127243
3128214
3129253
3125821
3126570
3128183
3125311
3127961
3130322
3125469
3125904
3125455
3128907
3128890
3129212
3128510
3130642
3130742
3125902
3125155
3126107
3129182
3129060
3129947
3127417
3128118
3127453
3128991
3125392
3129915
3125110
3126225
3127556
3127512
3129181
3129970
3129508
3125335
3129976
3130063
3125854
3128493
3125084
3129394
3125658
3129158
3127680
3125391
3130001
3128252
3130022
3130134
3126468
3126555
3127579
3131061
3127277
3127865
3130026
3126709
3125307
3131140
3126314
3127199
3129280
3127776
3127001
3127737
3125839
3128160
3128675
3129519
3125978
3130118
3128822
3130323
3129174
3125347
3126436
3129859
3126932
3126477
3129123
3128068
3130492
3127599
3130656
3127088
3130670
3127287
3127995
3128485
3125990
3126891
3125166
3125624
3127535
3127102
3126849
3127636
3130882
3126191
3129404
3127795
3125277
3124980
3125734
3130520
3130775
3125964
3125997
3128368
3125501
3128243
3126035
3126347
3131091
3127255
3131371
3125520
3125931
3127700
3126574
3126221
3126048
3131045
3130365
3127272
3129618
3126066
3130351
3126416
3125601
3131038
3130707
3125064
3130236
3128066
3128200
3127866
3128977
3129117
3130345
3125950
3125292
3128772
3129506
3126519
3125639
3128045
3130181
3128114
3129387
3129931
3125622
3127600
3126115
3127205
3126139
3131196
3129317
3129871
3125876
3125229
3125476
3130763
3125680
3126970
3125966
3130814
3128865
3127587
3129093
3129291
3131199
3127321
3127793
3125368
3129252
3127231
3129552
3126575
3125543
3126736
3129660
3127005
3127972
