Company
3124420
3124235
3124327
3124762
3123851
3123998
3124001
3123453
3123978
3124409
3124807
3124652
3123931
3124881
3123833
3124550
3123426
3124082
3123856
3124298
3124009
3123633
3123526
3123433
3123845
3124520
3124360
3124865
3124577
3124047
3124765
3124398
3124025
3124581
3124824
3124571
3123603
3124470
3124572
3124684
3123397
3124484
3124421
3124943
3124731
3124337
3123953
3123444
3124191
3123762
3124037
3123463
3123864
3124060
3124749
3124963
3124381
3123701
3123507
3124743
3123703
3124343
3123435
3124469
3124430
3124251
3124115
3124497
3124167
3123476
3123523
3123837
3124262
3123960
3124793
3124263
3124368
3123813
3124406
3123702
3123429
3123932
3124439
3124374
3124326
3124270
3124890
3123781
3124635
3124271
3124062
3124715
3123508
3123735
3123431
3124528
3124789
3124892
3124451
3124055
3124645
3124363
3124595
3124243
3123535
3123708
3123842
3124348
3124946
3123570
3124593
3123605
3124449
3124874
3124467
3124871
3124499
3123658
3124727
3124486
3124306
3124146
3124069
3124712
3123993
3124481
3124506
3123992
3124389
3124613
3124868
3123935
3124619
3124787
3123963
3124427
3124280
3123839
3123832
3124206
3124344
3123625
3123582
3123885
3123534
3124646
3123944
3124334
3123594
3123747
3124808
3124089
3124016
3124138
3124586
3124266
3124178
3124339
3123983
3124408
3124638
3124072
3123719
3124869
3123547
3124511
3124801
3123420
3124331
3124352
3124061
3123908
3124201
3123763
3124079
3123887
3123821
3124288
3123765
3123841
3124391
3123750
3123496
3124092
3124831
3124257
3124320
3123874
3123755
3124916
3124704
3123495
3124345
3124195
3123922
3123753
3123772
3124822
3124849
3124810
3124610
3123589
3124035
3124300
3123729
3124750
3124606
3124851
3123663
3124702
3124630
3123543
3124180
3124071
3124718
3123502
3124400
3124359
3123442
3124170
3124232
3124609
3124928
3124864
3124388
3124503
3124166
3123858
3124321
3124660
3123850
3124814
3124346
3124429
3124569
3124054
3124600
3124103
3124745
3124448
3124197
3123478
3124614
3124792
3124812
3123664
3123632
3123593
3124356
3124456
3123943
3124077
3124689
3124500
3124966
3124930
3123717
3124755
3124165
3124631
3124464
3124454
3123877
3124514
3123855
3124821
3123973
3123876
3124902
3124417
3124687
3124434
3123705
3124171
3124156
3124336
3123868
3123681
3123650
3124318
3124407
3123834
3124177
3124886
3123626
3124626
3123718
3124583
3124570
3124160
3124832
3124064
3124362
3124961
3123898
3124548
3124799
3123624
3124134
3123527
3124175
3123886
3123759
3124225
3124901
3124573
3123840
3123790
3123879
3124730
3124714
3123933
3124522
3123799
3123585
3124233
3124834
3124513
3124468
3123899
3124615
3124228
3124173
3124027
3124598
3123977
3124458
3123696
3123686
3123493
3123662
3123713
3124242
3123751
3124457
3123723
3123819
3124028
3123975
3124752
3124411
3123467
3123820
3123528
3124192
3124798
3123905
3123466
3124546
3124190
3123888
3124738
3123849
3124189
3123875
3123598
3124574
3124706
3123727
3124949
3124650
3123602
3124256
3124108
3124083
3123657
3124516
3124840
3124953
3124634
3123489
3124795
3124161
3124589
3124487
3123610
3124934
3124909
3124668
3124648
3124536
3123694
3123550
3124585
3124140
3124066
3124219
3123533
3124597
3123749
3123660
3124796
3123651
3124353
3124278
3124366
3124018
3124440
3123667
3124889
3124186
3124835
3124113
3124760
3123957
3124214
3124575
3123941
3124685
3124937
3124432
3123917
3123726
3123556
3124295
3124923
3124813
3123487
3123586
3124310
3124100
3124397
3124196
3123890
3123591
3124549
3124717
3124933
3124045
3124291
3123513
3124387
3123867
3123778
3124158
3123454
3123758
3124125
3124283
3123567
3124185
3123793
3123995
3124217
3123956
3124875
3124222
3124269
3124891
3123672
3124526
3123557
3123516
3124479
3124005
3124220
3123403
3123407
3124096
3124000
3123439
3123806
3124135
3124850
3123947
3123482
3123629
3123447
3123544
3124011
3124426
3124906
3124474
3124956
3124713
3124322
3123911
3124720
3124703
3123939
3123968
3123720
3124475
3123752
3123859
3124482
3124791
3124218
3124719
3123504
3124950
3123395
3123707
3124126
3123471
3123810
3123826
3124465
3123906
3123853
3124105
3123568
3124021
3124624
3123693
3123737
3124819
3123966
3123451
3124673
3124046
3124123
3124782
3124559
3124654
3124316
3123670
3124604
3123934
3124392
3124941
3123473
3123958
3124184
3124578
3124518
3124390
3124547
3123615
3123538
3123742
3123656
3124882
3124725
3123959
3124289
3124086
3124200
3124193
3124443
3124132
3123581
3123891
3123503
3123475
3124338
3123423
3124493
3123796
3123970
3123440
3123411
3123571
3124304
3123803
3124825
3123525
3124960
3123620
3123745
3123558
3124876
3124732
3123583
3124483
3124602
3123982
3124477
3123604
3123490
3124258
3123873
3124059
3124829
3123823
3124878
3124603
3124042
3124114
3124128
3124234
3124119
3124826
3124567
3123788
3123904
3124174
3124533
3124026
3124272
3124073
3123638
3123814
3124517
3124508
3124450
3124142
3124122
3123575
3124722
3124024
3124872
3124187
3123912
3124753
3123659
3123678
3124529
3123595
3123587
3124510
3124663
3124210
3123740
3124425
3124247
3124188
3123807
3123794
3124213
3123639
3124649
3123811
3124576
3123698
3124736
3123671
3124476
3123552
3123485
3123491
3124145
3124237
3123852
3123878
3124620
3123648
3124332
3123480
3123469
3123825
3123630
3123776
3123545
3123697
3124172
3123680
3123692
3124590
3123812
3123646
3124927
3124312
3124940
3124277
3124855
3123599
3123635
3124444
3124276
3124249
3123704
3123578
3123413
3123967
3124696
3124918
3124433
3123892
3124515
3124022
3124773
3124148
3123684
3124085
3123450
3124775
3124967
3123996
3124842
3123588
3124895
3124303
3123871
3123756
3123991
3123668
3124043
3124724
3124006
3124033
3124678
3124912
3124616
3123592
3123699
3123903
3124907
3124163
3124679
3124741
3124779
3124622
3123980
3123536
3124015
3124413
3124540
3124299
3123862
3123882
3123641
3123674
3123915
3123784
3124954
3124944
3124473
3124120
3124726
3124379
3123728
3124591
3124858
3123539
3124699
3123445
3124118
3124643
3124888
3124375
3124238
3124915
3124463
3123409
3123622
3124313
3124323
3124903
3124040
3124227
3123733
3124460
3123432
3124351
3124579
3123665
3123560
3124136
3124183
3124416
3123590
3124150
3123486
3123754
3123900
3123829
3124524
3124676
3124311
3124164
3124014
3123736
3123844
3124716
3124034
3123824
3123448
3124700
3123404
3124728
3124924
3124385
3124050
3123518
3123637
3124259
3123465
3123985
3123427
3123700
3124383
3124330
3123414
3123724
3124031
3124325
3123563
3124162
3123551
3123730
3124244
3124551
3123468
3124431
3124758
3124412
3123691
3124809
3123452
3124848
3124261
3124347
3124764
3124938
3124367
3124335
3123412
3124104
3123613
3124023
3124036
3124532
3124512
3124039
3124562
3124729
3123460
3124097
3124898
3124377
3124418
3123936
3124675
3124020
3123797
3124735
3123800
3124844
3123600
3123789
3124423
3124539
3124623
3123997
3123579
3124305
3124317
3123574
3123946
3123801
3124495
3124212
3124279
3123979
3123606
3124688
3124455
3123457
3124504
3123456
3124198
3124012
3124818
3124639
3124770
3124084
3123945
3123861
3124087
3123505
3124841
3123770
3124955
3124565
3123981
3123655
3124594
3124051
3124797
3124371
3123425
3124625
3124870
3124908
3123609
3124395
3123562
3123617
3124910
3123798
3124405
3124754
3124816
3124093
3124781
3123748
3124883
3124090
3123894
3124199
3124293
3123515
3124480
3123925
3123474
3123923
3123459
3124862
3123866
3124240
3124553
3124682
3124182
3124373
3123679
3124349
3123838
3124168
3123787
3124063
3123732
3124159
3124157
3124230
3124768
3123774
3124153
3123402
3124099
3124058
3124078
3123428
3124802
3124139
3123400
3123744
3123675
3123951
3123884
3124292
3124921
3124144
3123716
3124414
3124246
3124838
3123734
3124917
3124670
3123421
3124785
3123682
3123857
3123531
3124942
3124538
3124365
3124101
3124121
3124264
3124669
3123869
3123576
3123676
3124815
3124273
3124769
3124721
3124711
3124701
3124621
3124692
3124328
3124095
3123780
3124008
3124931
3123461
3124194
3124179
3124922
3123863
3124748
3124117
3123962
3123791
3124485
3124837
3123847
3123815
3124627
3124784
3123757
3123896
3123553
3124693
3124541
3123652
3123601
3124010
3124680
3124531
3123843
3124274
3123795
3124436
3123950
3124897
3123779
3124661
3124853
3124612
3124127
3123920
3123549
3124778
3124236
3124275
3124053
3123497
3124149
3124302
3124708
3124563
3123640
3123881
3123907
3124498
3124893
3124424
3124707
3124786
3124525
3124945
3124936
3123612
3124877
3123764
3124568
3123689
3124845
3123424
3124301
3123712
3124746
3124394
3123618
3124647
3124537
3123455
3124029
3124446
3124248
3124319
3123394
3124358
3124637
3124415
3123517
3124929
3123401
3124296
3123645
3124852
3124202
3123462
3123909
3124490
3124340
3123520
3123731
3123649
3124216
3124207
3124342
3124445
3124255
3123559
3123509
3124894
3124904
3123768
3123619
3123771
3124873
3124767
3124315
3123937
3124286
3124459
3123715
3124641
3124341
3124555
3124370
3124226
3124806
3124044
3124489
3124683
3124737
3123769
3124759
3124709
3123437
3124935
3123721
3124968
3124013
3123706
3124742
3124147
3123506
3123499
3124611
3124561
3123484
3124662
3123666
3123990
3124401
3124774
3124265
3123566
3123949
3123554
3124723
3124294
3124640
3124817
3123529
3124861
3124740
3124686
3123653
3124309
3124656
3123921
3124633
3124644
3124651
3124556
3124519
3123541
3123792
3123739
3124491
3123989
3124805
3124952
3123621
3124827
3124404
3124756
3124354
3124496
3124088
3123785
3123964
3124560
3124314
3123930
3123897
3124111
3124783
3123479
3123711
3124361
3124608
3123687
3124632
3123994
3123954
3124951
3123627
3123470
3124958
3123542
3124502
3124143
3123893
3124544
3124710
3124564
3123987
3124075
3124076
3124141
3124355
3123760
3124690
3124308
3124642
3124751
3124435
3124428
3124964
3124501
3124681
3124965
3123530
3123446
3123628
3124803
3124017
3124447
3124211
3123918
3124472
3124452
3123572
3123642
3124399
3124618
3123999
3124155
3124900
3124098
3124830
3123889
3124453
3123577
3124811
3123483
3124154
3124223
3123831
3123512
3124629
3124671
3124215
3123546
3124592
3124863
3123860
3124617
3124947
3124932
3123783
3124788
3124106
3123809
3123399
3124607
3123969
3124442
3123901
3124552
3124771
3123561
3123940
3123522
3124860
3123818
3123766
3124587
3124260
3123786
3124402
3124422
3124284
3123974
3123661
3124527
3123616
3124857
3123677
3123685
3123464
3123408
3124691
3124253
3124052
3123714
3124057
3124124
3124588
3123865
3123830
3124509
3123913
3124492
3124386
3123569
3124776
3124677
3124523
3124854
3123846
3123961
3124820
3123695
3124229
3124580
3124566
3123492
3123773
3123405
3124665
3123880
3123623
3124382
3123710
3124152
3124068
3123816
3124032
3124461
3123519
3124038
3124880
3123501
3124376
3123537
3123775
3124282
3124129
3124267
3124209
3124297
3123835
3124885
3124919
3123872
3124133
3124137
3124636
3123972
3124843
3123928
3123822
3123929
3123488
3124672
3124109
3124948
3124245
3124939
3123802
3123914
3123767
3124744
3124505
3124254
3124224
3123986
3124130
3124804
3124653
3124605
3124628
3124914
3123870
3124659
3124655
3124530
3124823
3124372
3124396
3123436
3124847
3123430
3123688
3124285
3123919
3123952
3123607
3123971
3123634
3124846
3123654
3124494
3124507
3124281
3124698
3123565
3124836
3123738
3123805
3124357
3123777
3124734
3124378
3124833
3124557
3124350
3124582
3124369
3123597
3124003
3124169
3124584
3124203
3124733
3124208
3124558
3124287
3123458
3124920
3123548
3124828
3123722
3124290
3123828
3123984
3124957
3124410
3124667
3124866
3124899
3123948
3124364
3124488
3124674
3124049
3123988
3124067
3124859
3124794
3123494
3123836
3123782
3124839
3123410
3124777
3124151
3124205
3124241
3123580
3124393
3124438
3124596
3123573
3123631
3123644
3124471
3123441
3123808
3124959
3124925
3123510
3124763
3124056
3123817
3124419
3124658
3124081
3123398
3123611
3124790
3124478
3123419
3123434
3123498
3123415
3124694
3124329
3124094
3123725
3123848
3124739
3124007
3124307
3123514
3124002
3124666
3123926
3123883
3123511
3123500
3124554
3123955
3124437
3123910
3124181
3123895
3124879
3123683
3123614
3123976
3124403
3124766
3124112
3123709
3124231
3124772
3124110
3123584
3123647
3123902
3123746
3123643
3123636
3124091
3123477
3124462
3124204
3124747
3124657
3124268
3123438
3124116
3124070
3124697
3124041
3123804
3124239
3124176
3124535
3124887
3124599
3124905
3123942
3124545
3123524
3124856
3123854
3123965
3124380
3123596
3123743
3123449
3124521
3124601
3124466
3123481
3123924
3123916
3123406
3124221
3123690
3124543
3124705
3123673
3123416
3124534
3124004
3124542
3123827
3123669
3124065
3123761
3124131
3124896
3124080
3124019
3124107
3123422
3124048
3124030
3123443
3123608
3123741
3123532
3123555
3124441
3123938
3124074
3124867
3124250
3124102
3124757
3124913
3123564
3124252
3124695
3124664
3123927
3123396
3124962
3124780
3124761
3123418
3124911
3124324
3123417
3124333
3124884
3124800
3123540
3124384
3123521
3123472
3124926
