Person
8540
4285
8084
685
6351
7446
7466
8072
4729
9162
5582
866
7441
2656
4959
2671
7847
2913
8855
2339
8586
249
8880
1706
4963
4048
6051
3210
2731
6052
7625
362
1904
4918
2940
369
8387
2113
7315
3659
6276
8286
8566
8668
356
1149
1320
3842
7841
746
8722
4847
7919
6175
3150
4964
1351
7208
9409
9335
6449
9172
2346
9376
3699
5063
1638
2809
9470
6370
513
6228
4990
7830
8575
3580
6092
7170
7908
3501
1105
7391
3056
9635
1627
5971
8635
9387
6736
1511
8825
2758
2901
4553
692
2732
9548
7382
9935
3586
6460
768
5893
98
300
9950
3237
7550
8395
378
9383
566
3208
1413
3411
2941
641
6724
8485
5586
7172
7325
766
3359
4687
245
7956
883
3107
3155
4720
4500
1437
1219
4511
9821
2972
9350
6994
4052
9341
3991
5241
7587
1842
9601
9760
1178
9010
6669
7945
4294
53
9702
1220
5535
6843
2640
1583
7105
6862
2538
6530
4740
4075
7385
1783
6004
3831
9803
6484
3000
1486
3979
2189
4278
4668
9447
4096
4967
6178
4495
8119
8738
6525
4344
7488
7930
3426
5434
7256
8131
250
7950
7166
2001
9114
3060
8398
7354
948
9932
3880
434
425
6087
8000
4015
2058
7768
9028
5261
6524
9556
608
5870
7785
6701
3182
9817
1956
7274
6940
359
4376
6800
4734
6637
8172
8193
1937
6613
1168
1108
812
6285
923
8548
2361
3552
3448
4764
6362
3017
1608
392
7405
4089
8832
8197
6230
4303
2133
8606
569
960
3263
6882
241
5217
6307
4908
1884
9489
8318
4312
2198
951
3873
7922
34
1153
4534
2506
4985
5896
6182
9149
6815
6601
8082
2076
9421
6073
6180
8185
6495
7658
8275
5401
6961
503
6377
6326
5303
5124
9252
6354
2719
5669
7741
8403
5465
3225
2163
6327
7763
3764
2956
264
8546
8066
6037
9854
5172
7597
5294
7692
1294
4890
2664
9414
5680
7971
4811
2495
4849
6909
5155
1978
5246
4561
2612
6903
900
2203
6264
6050
9458
2660
7017
5585
8202
4527
6452
4643
3457
7940
6122
2131
1216
6126
9620
8578
834
6952
8889
9052
5355
4694
3674
8683
2869
6181
9636
2249
1987
7871
8580
9391
1791
6286
5547
2651
1109
8647
8924
5541
529
9887
976
9374
4227
870
4193
604
7633
6761
1671
2010
8863
332
7150
5886
5719
9565
413
8086
664
5636
8772
1333
3441
2887
4857
967
2508
7051
5417
8279
5798
4145
5331
7313
8361
8899
438
9214
1657
7639
2287
8366
818
801
8018
2773
1160
7746
3336
3160
8178
6220
7688
9499
6425
3858
5533
488
5279
5385
3485
8743
9681
915
2958
1809
118
1183
8414
9265
878
3653
2740
9422
2086
8049
2266
6343
8913
5494
8260
4578
5023
1118
8056
1995
7619
4492
5117
8770
7646
7636
7077
835
46
8983
5371
1062
781
1049
9400
7997
354
6824
6427
833
210
5595
2418
6394
2068
7355
3926
8742
8190
237
4261
3190
4361
4819
1365
6299
7921
7475
5490
391
2363
4182
8620
5192
8970
5855
324
1423
2871
8472
9087
8071
7849
9625
6
4316
5970
5431
4466
2104
5157
6011
2433
393
1688
7428
5900
417
7988
6663
7206
4680
9377
2
5927
1258
6553
5053
9456
3175
3268
6486
9507
4142
211
5803
8189
6400
1958
6008
1388
8459
4709
8327
2290
8369
2275
1648
6954
6231
7544
7456
4211
2314
5904
3412
3990
4012
5615
5501
3052
112
9640
6058
953
9956
977
9175
2441
1307
9026
2072
1878
3728
3733
2900
8724
1063
8123
3384
5983
9464
4506
4022
1367
8998
2932
2034
2204
275
4825
142
7271
3847
8577
2489
4461
8774
2378
4327
4283
6077
297
6423
2043
9793
5363
2806
9497
9098
1599
7213
69
789
7006
4922
4066
9708
1666
1921
6720
7136
4017
5728
9076
6026
7070
512
9120
127
4517
5639
2190
6993
4552
6659
7805
5724
9740
2825
7329
4724
9191
9794
8357
7407
9467
3618
1959
2278
9218
4121
2805
2365
1790
2938
9745
3877
1866
4203
5453
5029
6758
2935
313
4144
8151
9202
6103
7872
1026
7414
3987
3289
7993
5103
3988
7865
4409
9868
8974
792
302
8721
3163
8988
3295
7137
7046
1580
4457
575
4719
4928
4127
6991
4830
4257
8745
4229
6499
9880
658
1490
158
4869
265
3475
6330
1167
152
4458
3301
966
9895
2380
9976
8912
9260
8505
894
6056
1196
355
5028
4943
8877
9554
8488
5695
1177
5864
9899
7204
718
5954
8273
7141
7812
4422
6085
2244
6413
4078
3088
8874
5259
1408
5675
9200
8826
2761
6152
7825
5876
7738
4275
1107
8186
7113
661
961
3446
1116
2768
8965
6105
2122
5649
2125
6119
7394
7194
7557
106
2620
7953
1689
5557
5263
4612
556
7700
3612
1059
9348
736
784
8709
3012
6503
5524
1325
5308
7518
1698
8341
4532
3925
1938
145
428
421
3513
2430
6756
9347
9890
1418
7065
3665
8296
4049
1011
7099
7949
6308
8595
4042
3035
8469
9262
9766
5227
5038
7223
5074
1111
2730
3567
4972
9800
2652
395
7893
3383
8162
7613
3704
3681
7694
3810
2778
1659
8846
8696
1375
4073
4865
5122
5154
4884
936
1598
2822
9798
7721
759
5990
4948
2112
2888
173
3725
601
6645
6072
8719
4334
1316
4391
5765
4436
2734
846
9108
9768
7109
8573
5267
5228
1826
6999
1175
4245
9443
5502
5481
1559
9239
2409
6806
3010
748
1525
6883
4371
5416
8389
1199
8420
2744
1379
8372
8078
2467
2565
9432
6500
4388
6476
940
9603
8622
615
4349
8104
1594
545
4263
7341
3841
5551
1311
7712
9969
8355
3247
7288
4664
9965
482
6902
2312
1661
3963
6762
6693
2835
6199
5367
1253
1625
9709
4896
7336
11
6043
5722
4911
6745
3389
6270
3814
4120
4392
8346
2923
7784
7684
6157
2360
5391
6706
8139
8897
7434
8479
9481
2414
9707
6918
8704
7933
579
1448
5742
8430
4941
9718
2566
7353
5681
5425
5793
9710
9523
596
9186
4112
5721
4807
2750
9809
507
8891
4935
7839
3568
9916
6837
1354
7703
2590
8333
2924
7159
696
7854
8249
1270
7887
5616
1532
4476
2090
3166
8432
8187
2370
6089
1701
1443
6356
5562
7883
9671
6110
5664
5930
8255
3258
502
8324
3503
8008
868
5360
9088
3111
4020
4925
6767
7815
1173
1336
3154
7679
3048
6116
5208
6121
55
9254
8844
1839
8629
3655
6895
9632
7126
4872
2518
2107
5559
1965
6755
3059
7645
5878
3226
5152
2102
5372
5491
6014
7791
2916
4101
1814
2625
5381
5182
2048
2355
7174
9509
3894
1233
1353
3817
4088
3085
9435
7552
9339
3391
1266
285
9689
4768
7422
5186
2293
2117
9517
9074
3424
2830
6424
7267
7762
5887
3093
3355
6548
3701
7352
633
6164
4692
8253
180
8585
1823
5704
491
8570
1969
9616
7241
5314
9940
7789
2079
4591
6439
2551
2569
717
3276
2042
8489
2221
2055
3958
5272
4939
6811
1707
6196
6935
3068
8504
3898
1742
2488
9047
4489
3554
2523
4198
3316
1240
1326
2827
8439
8463
1249
8239
453
4354
7358
4577
1138
2052
2226
4898
4931
2951
3440
3253
9611
2747
2259
6583
802
6670
8111
1322
6496
2268
6451
6041
9564
7323
2961
675
1186
2466
4062
3138
709
449
9986
7920
7891
9139
4498
2803
2754
7990
8359
7864
4870
7387
9453
7230
9369
6559
1
2440
8927
9138
497
1963
6691
2338
4286
9389
4462
4172
9483
2885
2358
2317
5620
2527
5737
6225
9874
1641
3908
5046
8476
2142
5939
4333
8394
5468
9692
8271
9213
5390
942
5810
1514
722
6775
6760
4023
1794
8400
5846
3746
1862
1633
2692
1715
1528
6585
6960
5912
4375
4984
2507
943
9559
3942
4324
1137
690
7007
4845
2522
1642
1787
1101
6694
409
9256
7966
8128
2081
7374
2316
8513
6381
9596
8753
9079
9417
9313
4270
5376
1246
6083
1446
6737
3188
484
9772
548
8124
7450
8984
4155
7116
3493
8440
5324
6029
3684
2657
4326
290
992
9102
5796
9694
5947
5690
387
4658
7558
965
8435
6046
9152
7737
8276
2890
6435
3792
631
7335
1602
2673
2947
2070
2586
4653
5116
3379
3886
5083
2709
3512
6101
4200
2461
9365
1992
2237
520
9553
9068
2580
2552
9660
2934
1213
7367
6211
1211
5399
333
2248
2796
1130
6626
9785
8685
1861
3896
6179
1775
1184
955
8175
7901
7297
4173
6319
9192
9989
2922
9758
609
8422
5790
232
9115
8300
7850
8820
2482
7829
2480
279
3378
7751
6707
8662
6491
7386
7706
8311
3938
573
7435
7793
1724
4654
5592
6836
1681
2427
3717
907
9025
8319
1218
7840
2435
4818
4475
4909
3839
9533
7515
7228
9878
2407
2776
121
412
5778
405
8904
6124
7764
7981
557
6023
848
2295
5625
4656
9056
6489
2674
5788
4542
3993
8940
3972
2597
3368
5808
6614
9238
8157
924
32
6109
9314
6819
6696
7554
8314
1621
1605
4841
618
9274
3167
9982
9040
5816
4405
2898
7257
2093
72
5405
4837
8845
554
3837
7937
3630
8886
2354
2817
485
3848
452
4790
6278
398
5587
7479
7660
8717
6658
6031
6936
9014
5617
3631
2458
5922
8628
3779
3946
8935
9042
4287
920
8288
9362
2376
3054
7954
4572
7755
3968
2400
8948
6032
7265
9930
3482
9872
6501
1634
6479
2918
5130
8995
4247
2118
3130
7555
2242
8283
5396
5369
7517
5256
9577
406
63
7511
973
2459
8364
3008
6099
1036
6787
2235
7389
9128
1411
6625
1743
1911
4034
3169
5060
1552
3046
4833
2629
7608
9843
3235
9654
8335
5296
6071
4766
6570
9788
9627
5404
4666
6148
8023
4123
7999
6537
4170
6154
4743
8442
2304
3023
7121
3327
7342
3874
1858
2411
1328
3178
2618
6976
2845
3146
1195
7467
7191
7092
9926
4557
3870
9677
945
8759
8411
3830
5884
5448
2471
5965
3318
7328
9084
2484
2735
2206
1236
8397
8458
1374
6191
9520
4775
2372
9122
2481
6156
6939
1002
6599
7480
7135
276
6514
6700
5475
9466
2617
1720
9363
2228
404
3729
4057
9433
1402
3795
5525
1244
5068
4620
9683
3766
821
777
1891
8464
1765
7572
5897
9934
3935
7505
7373
5730
7823
7368
3542
5520
2741
9861
4441
1274
1192
3697
2138
2016
4789
2197
5424
208
3962
7013
1263
1759
2943
3414
5881
8587
3385
9008
4421
4649
1282
1699
3646
171
514
4081
7144
6329
1046
7935
9651
5412
8363
8164
6821
1434
5745
2132
6221
3437
45
2942
6612
7551
8559
8801
6519
5183
4438
3944
1438
6404
1617
3444
580
2791
8773
7902
1577
4944
8495
4741
7483
9922
3625
1561
5022
1323
929
2119
7416
7643
2545
2351
528
7771
5140
1259
806
7350
6509
6727
7584
8942
5759
9241
7163
8883
4195
8779
9696
86
7881
2350
3033
1254
8169
5288
7606
5716
6433
2546
4570
8654
665
9648
2420
9201
4505
1651
3740
6632
7462
7433
3376
2167
3702
2108
357
994
2177
2969
9123
1653
2540
5476
1795
3392
5323
2183
6744
1660
257
3037
3288
5591
3747
133
8199
2696
9906
2291
7651
4575
9917
8118
1425
4129
7430
9408
3796
6254
2960
7118
7770
5931
3670
353
4369
9949
1275
3032
623
6914
7087
5049
3438
1999
7300
7735
9002
5339
8782
4244
3620
5924
5979
4205
3686
8839
7081
1819
6016
9183
4180
691
3556
4051
3937
2423
8401
9589
5230
5720
7180
8277
7161
8538
4016
7742
8695
7110
4767
8708
8446
6998
8794
3305
4706
3647
6792
5923
9557
3675
1738
8576
6203
1924
3422
3050
8227
197
234
7836
5066
9143
7356
5780
427
203
5964
7292
4329
3644
2077
2790
3508
8767
415
7975
3272
5479
2983
2234
2994
6444
2663
1086
3521
3904
9070
8316
5707
5566
9630
1104
6293
7210
4661
9072
8019
4639
5836
7972
1550
5853
6183
6900
6128
3871
5213
6688
9647
4181
3762
8964
5942
1124
1777
2393
6086
7423
7284
4242
3802
5153
4938
3635
4910
5315
1870
2911
4408
6397
5232
597
4454
1799
9512
3218
4410
4742
9403
2018
2347
474
163
6972
4262
5692
5304
644
6735
2175
6411
3851
4975
5726
5673
2585
4343
3125
1629
1589
8046
8999
8250
5694
1295
673
1228
3882
2136
3199
6610
6097
6627
9370
3096
3456
7147
6505
9966
110
3859
5353
174
6162
9353
551
6311
8165
2356
5518
3818
5112
1380
8449
8851
4515
2474
5061
9257
7820
2706
9877
5653
5343
4083
8052
342
9219
2611
3061
7177
7504
1507
2331
1055
829
9248
9675
4593
2307
1615
8672
2857
3192
6113
8669
9725
2306
2798
2743
720
2335
5915
9751
4674
886
2329
7987
9733
3259
6908
4749
183
3382
8329
7431
494
7061
9263
9367
8457
9354
4132
1570
1345
181
6174
7162
5651
3415
7561
6013
7918
3161
9283
6657
7710
6432
2269
7278
1022
3600
9140
323
2328
2151
4483
2020
8771
1918
1947
7609
6468
3538
3905
5991
988
341
6880
3200
9035
526
6769
2691
6063
8521
9343
400
6942
9476
7452
7802
9896
3086
4403
6742
9190
1456
2703
1360
5392
6374
4873
3676
4420
1397
3939
8039
6979
7903
5102
1779
8428
6923
562
849
4401
5251
4757
5195
8658
8571
7911
8649
8374
5134
3429
2818
3928
4979
6672
7634
3044
5988
1373
9351
3805
41
5852
1887
7365
4599
5242
1895
3569
5866
4512
2655
3628
881
5095
7221
2931
4619
7309
7215
659
8091
5693
389
7129
9508
6581
5932
4428
5948
5888
2641
6847
2008
7057
7124
5164
6634
5752
6095
4504
5337
1449
1096
6982
2792
663
6752
5496
236
5843
2667
6545
2685
9135
6550
565
4523
2549
5298
7932
9398
6855
4058
1481
205
2647
4260
8632
1359
1458
5411
8748
9320
1383
2343
3051
1420
5684
5201
7425
4345
3806
698
5224
3323
885
2036
6320
8818
315
9631
8509
4226
8557
9674
3356
3899
5470
9494
4035
3714
2610
4056
9027
8636
7277
4611
2765
904
4156
5601
6297
4745
1472
7063
4815
3669
8200
7816
8735
3596
782
3853
2998
5341
2352
12
5789
5665
8265
2819
37
3846
8812
6741
3617
2849
9180
1445
7880
6455
8510
4813
1019
981
7036
4090
5149
581
3602
2031
8320
7876
6953
7778
6477
3757
4579
3590
8354
202
4538
4947
9011
1212
1190
3524
8281
3924
4708
9048
9242
9618
3229
8500
6510
3278
78
6173
650
5583
3025
7
1150
4602
509
933
6382
6754
7281
9923
553
9936
4509
5188
1545
1260
2631
2995
4563
1479
321
4131
6137
9541
8048
3007
2029
8914
4852
1261
266
8552
5974
5851
7060
7948
2297
6773
6042
4232
8842
2373
4583
6272
5151
9555
4209
519
4606
1475
3975
2543
6349
7556
7774
5364
6965
8099
191
662
2503
9842
6898
6310
218
2121
2996
9441
3435
7562
8544
3663
2465
2443
5517
9534
7075
7078
1242
1637
9107
925
954
8290
4355
9185
9847
3377
4149
7801
5247
345
4642
3763
1595
2210
5666
2847
8766
9531
9053
7283
8207
1966
4800
3616
4055
1309
1313
3852
3404
4769
9612
3582
4883
9427
2240
1672
9881
4238
4389
8045
6337
679
1091
8558
5100
6681
1291
3932
6115
6853
6803
1852
5906
2926
3209
5109
9127
6372
4721
6929
6534
4838
1888
5317
2067
5992
9633
348
3431
8740
9083
9448
3613
6718
2775
9077
2505
2820
6247
3583
1766
8373
3589
1462
2710
3419
9475
179
5031
5045
4175
8112
4268
1488
4159
2015
9990
2907
928
4154
9833
7672
7142
8047
2449
8117
9851
5292
396
5787
4196
6783
7539
1848
5012
4031
4151
9431
8218
3931
1930
9650
2100
6218
3284
8216
2389
7066
6493
4521
2704
104
8712
8791
4029
2078
7939
9500
6469
1387
9984
5270
9161
2721
1931
5316
3654
2861
1281
4541
8750
7042
2539
8221
4146
1288
9978
8465
2256
4573
4814
1686
9210
383
5910
2130
7947
3821
3455
5951
8090
5563
7302
876
7676
5196
4296
8447
388
2493
7782
9044
3633
6542
8093
1335
258
7445
1832
4958
8841
9103
1133
4937
3019
2802
7195
3897
8129
1384
9148
5709
9791
8150
810
1497
9280
3606
1027
9237
3872
1356
6820
8492
7718
4060
7739
7153
8294
7009
5087
5108
6033
5705
9111
1495
1377
2962
2309
5439
3099
3108
2397
5809
5457
9544
8592
7400
9067
6369
630
587
4673
1327
4448
561
2927
706
5631
4897
6080
4006
9624
5165
9292
855
3950
7808
3339
2550
5398
716
7682
5207
1457
170
5081
5467
3981
5784
6186
3386
7371
8888
5831
5938
980
2528
7458
146
6722
2405
726
6521
4501
4445
3758
5307
8252
4603
8790
9519
8344
9573
7968
6538
9697
6106
3531
5184
6710
2759
2568
4321
626
3241
5580
6606
7320
2967
9816
7583
9300
7723
1484
3100
259
9608
772
729
4446
756
6302
9381
506
1174
3473
4021
9121
3861
9834
7787
3252
8838
3038
1369
235
1079
1860
4783
6641
7455
780
2572
1685
4924
306
284
9230
3610
9602
9301
6887
4831
9451
7415
852
3967
7069
3906
2636
3545
6975
8655
2762
8520
3246
7357
6240
5460
4518
7659
4659
7670
5553
7917
4633
9590
1865
6840
7622
3380
6905
7593
4111
7316
2988
9258
9973
7853
4320
583
3452
7531
6615
4835
7678
6639
747
277
4298
6922
5285
9137
1001
625
7566
4770
890
9157
1915
3373
7765
5552
5234
6153
4681
9820
2353
5718
8786
1536
5603
7443
5536
8321
5158
7984
7319
8331
3232
1134
5161
155
2388
5797
7844
1717
9823
8451
9606
9199
7164
7090
5760
7378
4047
464
6255
4956
2233
4390
9955
671
4844
2453
9306
8783
3541
7642
187
8953
8224
5782
4407
5590
6937
3579
6753
1869
4753
2002
5865
6481
2194
1179
8173
4215
8191
2534
4184
4479
6207
8020
3145
214
7534
6258
6150
2024
2497
109
9813
54
682
3768
4091
543
2616
5413
1838
6522
3372
4116
8977
8972
2053
1346
1143
59
9918
9892
4185
9684
8644
3726
9022
1813
4794
9078
763
4713
7567
293
105
6565
1159
1801
1990
8301
67
3398
4727
120
6291
7263
652
2904
5008
5214
3467
2797
5429
3353
445
3279
5024
6602
9490
4641
7310
3996
5892
6248
4791
510
6897
1376
4875
8067
6804
2298
4799
3064
5459
6252
896
7581
3028
7093
614
5774
7831
4352
6949
5643
8217
9704
2447
4092
1997
2659
2578
9514
7491
4293
6409
4701
996
3534
9082
5902
1833
2909
1890
4237
1074
4856
6978
1744
8264
3331
3827
9661
318
5244
3624
1955
5935
134
5799
4581
728
8568
3578
252
4846
9030
8535
7821
5576
5394
325
2005
8881
6283
4822
9921
6622
248
5572
3212
9535
8837
7568
8907
6084
4592
5111
4821
2514
2867
5630
9967
684
422
1340
815
1470
496
8604
3689
2003
9762
5423
9688
7345
1786
8830
4637
524
9086
2936
681
5446
8385
1703
108
3132
6732
9177
9840
8870
856
700
820
1267
5699
1251
7498
3112
7798
1273
1508
6848
5968
7028
88
5351
9713
7803
1471
7579
9063
7133
5432
7800
6590
2282
9051
4629
7419
1127
2182
7464
8650
9145
2599
2139
3477
8266
2464
4893
8003
9095
7962
39
1020
3213
7601
6917
2623
4053
5833
8433
3488
8120
3823
5030
8861
7349
9326
9855
5389
8196
8407
2687
3065
113
2530
4977
9450
2723
4406
1544
6629
6059
3101
6167
5010
5683
3881
8583
6405
9799
3425
148
8297
7490
8619
6788
9017
9308
6188
4460
2184
3685
2028
7071
1785
2037
8933
9722
3664
3499
3069
6151
559
9720
5634
6158
5959
7290
6925
9385
7494
5812
9907
2601
9282
2878
9207
1646
505
8343
4191
2308
1829
9089
8141
3074
1923
1492
483
2218
8386
2439
4095
3397
2698
7818
6067
1429
9046
1575
2487
8325
8694
9749
1908
7380
2019
5838
4617
4595
824
9975
8167
7165
9550
715
7686
8204
2574
5889
4716
8470
8751
1747
2570
3514
4738
7123
9679
9388
840
9382
1949
6582
7286
9024
4253
5235
5123
56
458
8564
857
653
4171
5437
3809
1276
201
7266
5804
8534
9850
9639
3369
3174
7852
1245
619
4054
7149
6689
3157
7813
9830
3947
2463
9511
1381
8847
182
2066
2643
9947
283
5210
6844
6709
5647
750
2949
5903
2690
8419
9136
651
256
4795
6375
6977
3824
5358
8348
4758
3333
3465
6250
5914
2788
5891
5781
5221
708
1618
244
6838
2881
6938
8589
5354
5733
90
8176
880
6708
280
9931
7460
7571
5874
3087
9253
254
1513
5268
1840
4474
6877
3345
3104
1750
5834
9469
7804
9094
1029
5868
2215
6891
7481
2344
7108
4440
6245
546
6407
8055
6088
9439
7879
508
5007
36
1054
5484
2700
8789
5540
1906
8539
6781
3520
4046
3330
4208
6890
9182
8251
6833
4676
5127
3869
8174
4919
1202
1792
3066
2707
4823
9951
7395
3170
8424
4450
1576
1157
2085
7889
3328
5628
7050
7364
8408
9780
7178
8070
4003
6170
9340
3803
6576
3640
4588
8166
8638
9395
4007
5560
6990
4373
8484
4071
9345
3679
2726
8037
4585
2521
7728
9876
9629
2864
3708
1636
166
6684
5044
221
6488
5895
7023
4254
2374
8142
4413
3920
2670
3643
5287
8015
7978
4747
4434
6010
273
2560
7677
5795
2533
9109
3593
2905
4785
7296
6608
316
8993
2428
4473
414
8145
7647
8864
517
9412
7154
1623
9501
2161
7040
5723
3063
6034
1067
7272
3927
6592
1682
3030
9715
8768
3094
5043
4683
6969
927
2258
6968
9914
8083
7182
9223
7454
6131
2755
2925
8075
9837
435
476
9972
803
2753
9205
7680
4447
1540
1705
5807
1663
77
9576
6623
6578
8730
9209
8494
6057
3092
4122
5565
5839
4697
8445
4026
5758
9963
4311
6260
2851
7807
865
7788
2760
7043
7273
911
4115
9261
3782
2437
8698
3249
4487
5820
9064
7623
4704
7427
9993
9755
8351
2056
8098
4384
9038
978
1487
3256
5464
7905
4868
8624
15
3420
1077
479
758
5223
7591
5451
436
8867
287
4036
531
3504
6588
5375
606
6450
2398
964
7102
3544
5607
3320
3771
5564
1919
5458
8367
5106
2914
5667
8328
9485
4957
8312
3071
3857
1533
2807
4347
2315
1321
9234
7698
5966
7388
1304
9311
3518
8676
4338
6589
5419
8646
3998
9270
1314
7965
8068
5193
334
5943
1080
8515
329
1292
1012
8345
963
6166
4290
1900
4019
1024
9960
2274
2176
1215
8006
5115
7604
3290
2963
6219
6428
6229
7048
8857
687
6429
9701
1296
4213
5138
5633
4520
8337
574
5000
420
7979
9941
3798
2286
8543
5532
8309
9747
6321
4762
462
9366
8931
330
7650
8455
1463
8181
4991
9866
5179
6295
2416
8512
7392
5794
7134
5522
3443
4251
3607
3325
1558
2273
7447
591
9626
1025
129
1000
5305
3865
6631
8876
4930
3041
4926
1951
1421
1531
9811
552
3202
1015
7120
9693
9018
8282
4265
1061
9910
4493
8005
6868
4804
4786
5440
6605
5676
4580
686
5668
7359
4167
5072
3454
6533
1988
7049
1017
9900
6572
5326
3953
5297
5530
2624
4072
7897
7085
6872
4610
311
3832
8473
9753
4613
1680
7936
1483
6921
5147
5067
6133
6907
7500
5908
4002
3095
1006
6347
2211
2460
3922
7786
8957
9784
3688
2786
2022
8121
9741
9304
6340
2681
6841
5998
1239
8201
7088
314
2201
3642
3983
616
5869
2422
1506
4628
8305
3741
1843
6635
8156
6497
1831
2626
9968
123
1711
4005
660
1315
9227
5438
6650
4784
6328
5052
8317
2594
2401
3098
8950
6385
8567
6839
5957
1201
8410
2863
6361
1146
7855
7160
8010
5226
2322
1886
5777
7202
5493
3668
7403
3179
9721
5199
7857
9581
9773
1983
2255
5340
3756
5280
921
7628
5170
209
3233
4038
5710
5069
7769
3648
8710
1822
8920
8550
6959
3240
8322
2977
7239
8313
3525
6045
4711
2937
340
612
7906
5338
7390
186
9746
1555
6774
3407
3463
4037
1635
6782
3856
3185
7010
4427
5512
3102
6098
6662
3916
2450
6733
3136
6201
1136
5143
2512
2396
2850
6665
4136
1929
4636
3565
7131
7429
9293
6580
1361
6517
6338
3960
1553
7096
4981
1114
8603
3390
918
6238
7989
1922
6003
6027
6768
2219
8198
5862
9009
6644
8261
1083
6436
1301
7580
6280
4393
5428
6988
3026
4689
75
2639
6928
6649
2246
8732
3474
3304
511
7627
4197
2902
4431
4625
7620
1524
2638
7492
7493
3450
655
751
6668
8787
8426
9685
3310
2209
4435
5047
4225
251
7809
3529
9071
740
1632
8744
5194
7780
2675
2720
7038
9407
460
1782
8460
1556
5426
6081
6513
6611
8483
2455
71
8690
1008
542
3039
167
381
2592
8388
7543
7605
1817
9848
9060
1272
5483
4968
8245
150
3995
8765
3535
7486
4921
9165
6171
9994
2148
7759
4589
9444
1628
1542
8280
3351
18
6892
4877
2892
6331
3315
6494
3303
5962
2445
1066
9991
2668
3909
7775
7630
2804
4147
7699
2576
1473
6860
5944
2154
742
2669
8936
6139
212
8210
7404
6205
456
2227
4544
2013
4464
3615
7713
403
1227
6912
9770
1732
7506
2457
1474
2921
5054
7996
4113
8868
903
8892
4456
9828
1603
4319
4011
3573
336
437
4772
1644
9462
320
1043
9893
828
5187
5169
1568
5503
4754
2563
9543
337
457
5444
5495
7117
2159
8523
471
9021
2330
6473
8633
4614
4353
3070
9563
7828
9911
1755
9276
5554
8579
4315
3923
377
60
8932
9549
9891
8900
7980
3694
2128
3773
448
1426
3584
8714
3783
5120
2965
5977
5715
225
2500
8192
4888
3833
739
3537
7656
2103
6867
6956
4660
8833
3342
8412
4488
842
27
9743
3835
3666
2496
3673
8302
380
837
7495
8597
4264
4339
3141
51
7236
8641
2715
8593
6536
5510
6757
613
7885
8436
2517
1119
2957
6223
5711
7008
895
6532
5185
1269
6242
5578
9297
2272
4900
8480
1406
5981
4810
2412
5654
1953
4255
4481
5696
1117
9181
9529
4989
990
814
48
4340
4715
4135
2614
6316
576
9736
914
2188
6834
9775
9728
6206
9912
7822
5191
1081
5264
1516
1804
6467
4387
9174
1854
2061
7103
8561
5311
2264
2785
3921
9379
1102
1757
9879
6618
4651
3816
5239
4627
4105
2402
367
5521
5500
3901
584
7052
1945
4367
9101
1723
1993
2509
2212
1539
2180
1882
6679
4082
8990
8878
4864
568
3283
9610
7508
1569
3632
8043
9465
1943
3915
8159
4094
9005
7702
8547
103
6842
6456
9364
9731
8917
4110
3287
4382
7870
6593
2787
5995
4539
969
7733
1363
1412
1563
6856
1371
6832
1051
9334
3597
7193
3216
3978
4130
2954
4009
6698
7612
6779
8339
26
6336
7420
7683
376
9156
5312
7553
4522
5937
1592
9244
7575
4887
5771
2653
2368
3812
4677
4201
5740
7330
6987
699
5302
4502
6214
9979
6142
872
1610
1286
7923
6177
2299
8697
9413
2413
5168
808
9752
6945
2609
2041
9164
4025
7127
1753
307
9203
6881
6076
8856
6402
9477
9220
4272
6740
5113
6560
8898
4657
2738
8985
9505
8929
6485
3009
9110
2714
5619
1395
3890
2724
6395
5200
4696
2230
3736
4834
2421
4805
9622
2319
7673
6094
7602
4299
156
8293
4077
3977
8960
3917
2619
4983
6108
3080
7832
4204
7039
9394
6393
33
5691
6746
7569
540
7868
2069
1498
140
3273
7526
2336
3722
1762
7045
9298
6750
9885
823
4571
749
2073
6314
8602
7806
7976
3349
7383
6193
1901
2377
3020
6172
811
3116
6475
9318
4858
5456
6096
9401
8035
1607
1180
49
7595
3219
2404
9825
1611
6226
3706
7095
845
8659
1257
807
466
5504
9463
9312
1534
8125
3461
518
8404
5422
3171
7958
2385
4332
1909
3264
5082
5802
3123
5450
9815
838
9884
2408
7961
3693
2087
9
7289
4124
4923
7252
6865
5568
50
9315
9595
7574
253
3656
7744
2839
9321
4463
4886
8356
4548
7449
9100
847
4070
7251
38
1665
7516
8802
1875
6378
560
100
752
2236
1808
2782
7541
9712
1232
5258
3526
589
8925
922
9392
8219
3575
1835
7084
8814
2082
1099
6216
3058
7668
7799
7019
912
2017
7244
411
2742
8608
3720
2438
9332
9614
3737
3913
8507
3982
541
1954
2883
2030
9033
5400
7512
4748
2205
8542
2193
5368
6470
4379
2141
339
6281
8906
959
741
6132
859
2877
6273
9406
1064
791
5026
2561
6621
1084
6288
2739
874
654
1208
4452
731
6563
3662
3223
470
9839
7122
7752
2208
5452
4086
1121
5925
7231
2677
8423
8959
3201
3566
7304
5039
9827
2318
401
7657
1749
9036
1519
3347
956
6805
6660
6888
5204
111
1385
9537
5293
6459
8259
4773
5442
1038
6799
9116
8272
6185
8499
4328
6184
9309
5174
4954
1719
4455
1287
9317
6845
4350
9187
4850
1496
4933
1883
3231
627
6406
841
7624
3543
4940
5156
131
4732
8910
2666
1952
4325
1250
2116
5546
1656
8033
2300
95
4871
8973
7246
931
8941
144
4576
8921
2766
9522
3581
2870
76
9062
9943
309
3140
1606
603
3291
6190
6765
5016
8823
8678
4951
3868
9974
2757
301
621
8415
3211
4631
5051
5508
7410
3695
9680
4362
1450
6933
7384
9375
4920
195
9189
8448
6257
5767
8236
7974
2225
902
5048
795
4177
1974
2712
6306
4836
7253
2214
3214
3930
1170
5571
2728
9759
7143
4282
7536
3417
4936
7347
4665
1933
42
3682
8882
5856
1877
3819
3713
2303
6215
6654
5548
8687
3034
1824
3801
9487
5474
8692
17
5146
5648
6471
8143
8516
6055
3652
1349
85
2605
8621
8222
4330
6007
8792
1557
2129
5482
305
8299
8992
6200
624
6512
8179
9980
2260
1394
6810
2241
4682
2431
229
3893
9865
7187
9659
8338
4519
8026
220
2426
8109
8350
4529
9211
3196
3866
1810
9438
9163
6638
5393
9338
7240
9104
733
5445
4133
5950
3364
8609
4853
3687
4449
2313
7485
3657
3297
2332
189
4533
5001
8937
4190
7726
6983
853
2516
9996
3604
9729
3546
7260
238
4812
3317
4117
6873
481
8417
5209
8132
2155
4861
30
9105
6515
2780
2689
4832
6341
5606
989
2280
4554
4927
1668
5907
2220
2554
2033
5126
7128
1679
5107
3767
6120
610
7237
2702
9853
786
3078
1033
1364
5033
1392
9539
2478
1601
4297
1630
6950
1604
2799
7900
304
9197
3910
3371
689
770
3887
4404
7472
3595
8409
8416
8600
9779
773
6640
5581
478
2933
727
3204
9294
2823
1897
2289
1586
2320
7418
8733
4710
9646
1677
2979
8362
4008
3574
6904
3878
5761
4482
6317
7332
1444
7227
1609
4691
3346
3024
5584
6751
263
5408
9822
8508
9133
1306
8105
3745
8081
8506
2769
5697
9628
4250
446
8822
3660
6886
7884
4755
4377
3433
1098
9384
5110
8723
4241
4623
4551
9159
4064
5334
9898
1262
5678
65
8269
3562
5101
5065
6275
9142
1509
6603
5994
8519
5885
3274
8532
8380
8853
7442
5829
1805
9700
5250
4737
2462
3177
4675
5656
8113
1745
5640
9322
8177
5555
7899
5671
1973
2243
667
2044
620
2813
3952
4107
5920
1515
9971
9393
3459
3453
9572
6465
1986
1687
1461
1332
3296
122
1144
6198
6673
8213
7397
9468
5882
2200
136
1194
2535
8054
5825
1518
9170
9330
6040
3308
4992
6298
1447
6296
6809
7790
5118
1093
5871
4982
5963
2429
1053
3522
222
1370
9319
5238
4646
8030
2337
9246
8437
6502
3933
8978
5750
6318
9457
3047
7426
6827
2446
1639
7546
5262
5898
9397
4632
926
3752
5248
9112
9744
7994
2840
7499
454
7758
9496
9778
5817
6549
864
2179
2912
3313
9502
4284
4678
8421
8831
9726
7333
4671
7232
1802
9130
7916
6648
7220
13
4913
8674
9307
4607
9249
6851
7168
5969
9373
547
1451
4271
5327
3079
957
617
1793
5380
4276
5121
216
5036
2371
9546
5229
9352
9328
4503
4497
891
399
8144
6300
5091
2672
2978
4067
8727
1222
8024
1619
159
126
8063
2868
4426
1811
1331
3528
224
3119
944
8901
974
3705
7047
9905
2192
5178
7761
9323
5301
5549
6598
5322
6527
4550
7091
2587
8209
8212
7530
3326
8671
3976
2178
9558
6564
7503
7459
9761
7547
5225
5366
8760
1221
2910
5133
5573
598
4828
8536
8556
7509
7140
7496
9568
5309
9093
2476
2713
2305
4266
4899
7054
7224
2277
2448
2833
762
6163
6412
6127
1702
8240
9705
8085
4998
6266
6448
7652
1224
9958
5822
8817
8471
6619
826
5776
2145
7058
408
7573
549
9742
7538
5857
4970
3269
3678
3621
4300
7617
5290
5934
8699
2381
8220
3515
9691
3195
2094
2725
4929
4358
8031
8908
861
386
3787
8080
1441
6399
9657
3314
9349
2876
9372
3221
1778
423
9810
7869
3945
5383
3388
8895
7197
3876
7689
299
2391
5604
8764
7837
1541
4228
1343
2581
9023
8468
9295
7114
5523
6609
5980
7101
2846
1013
9284
6778
5093
8475
3117
5577
8850
7437
2472
5410
2917
888
2676
2283
6984
431
5020
4301
1704
199
724
215
1058
2654
4230
8153
3994
303
1758
8639
6739
1593
3011
8625
6674
5588
5708
7413
3181
8554
2252
1712
599
800
5443
1535
5463
6324
2515
2271
2526
3121
9575
4137
6777
1788
4477
1769
2134
6453
9428
8677
713
8244
4234
2222
1781
9769
3126
4731
9771
6846
8136
8963
8330
8062
3186
7637
8691
5858
9605
831
3445
114
124
9552
7303
4246
3555
8496
3724
247
9585
3710
3387
379
9503
3641
6653
4942
1352
6446
8777
776
2591
8799
4645
2882
1853
8648
3124
8267
3133
4808
5489
9528
8002
5211
3489
7745
1844
292
9948
9206
6927
7097
2953
4881
8233
7229
4024
9933
7115
8616
8274
9232
6360
4669
674
5275
3828
7211
9380
6712
9058
1800
9305
7217
7080
8614
1767
2635
4141
1334
4087
3286
8358
4302
8991
7259
4763
5421
7527
7898
3343
3451
3769
3955
8645
8707
8097
3395
1820
9003
6794
9831
7393
5163
5249
9561
6136
7925
9695
4976
7991
8665
799
8491
1068
6012
8949
196
4605
3884
3510
7155
3004
9902
8761
5159
2930
4829
3476
4568
6854
6664
9386
4139
9594
6934
2060
4183
8347
8737
473
8061
9615
6239
8551
6403
7964
9426
8352
4688
8110
9016
1828
9992
4907
4394
8813
637
7848
714
7588
8001
6454
9641
5609
3777
4949
2838
7022
4650
7985
2247
6251
2140
4059
2513
8598
6567
4040
4189
1893
3970
6039
6387
4973
7773
1499
7015
6355
4163
5672
9446
278
2783
5529
6391
1415
5017
6633
4486
4248
2217
5220
9031
2989
5433
1501
8627
8720
3428
6389
1979
5150
8053
8522
5365
4472
5335
1881
228
7757
394
7175
2841
1579
9043
898
8615
3142
5058
7977
7749
1572
6036
7025
9281
2442
4317
8643
9504
8728
7369
9129
6415
4917
638
7318
3053
5515
3036
8736
7344
5747
5735
1344
6748
4152
2383
97
2919
9937
8651
1690
906
7523
2088
3128
8379
6997
5253
1283
8982
6980
9119
5414
2771
1330
899
7002
4586
5013
4530
1088
6144
2593
4028
711
5397
3180
2834
6021
9841
9176
1431
669
2821
4725
6535
8824
5487
9097
2490
2810
8849
6587
4306
8012
4337
4777
7027
3245
2678
3864
2419
1094
6422
9562
8163
4508
8107
6686
5219
7661
498
5593
3439
382
9882
206
4014
5847
2168
9591
9430
7826
2195
9580
1318
4222
5218
8137
7461
8148
703
9844
4616
1172
6464
3472
8180
7381
1197
6506
7183
9814
3434
1857
4240
8391
6480
5909
4310
9583
6414
5449
1975
6344
7896
639
2000
9698
3105
3826
1021
9196
8032
9682
3334
162
5352
7401
934
5096
3484
3999
3754
0
1503
1739
8611
7928
3148
4986
1122
6274
7545
9346
3266
6974
4164
6861
6791
9480
9090
3608
6160
5002
21
6715
9019
3734
4760
532
2054
6376
1994
6875
2722
645
1889
3791
8860
4945
1751
1554
2047
4402
2816
6498
4655
459
3082
6294
5273
125
52
4381
1460
5946
1339
2261
9536
3683
3761
7059
6155
6894
9597
8875
9858
910
3936
6305
4594
3262
1097
4065
9117
2645
1737
5332
8762
7014
153
5879
1368
7200
7185
9510
5800
3002
6364
8429
1337
296
7967
5180
6490
489
2556
2348
3743
6913
1815
6916
4894
7926
4013
1319
2793
7201
6313
975
785
3324
6363
5135
4840
2390
6951
4433
2662
6579
6812
1037
2051
5278
6061
753
5078
5610
5344
523
1454
2359
6743
6569
6129
5336
2752
8922
7743
5090
5729
2498
8574
5129
2115
5826
8295
8392
9065
6624
6323
2384
9429
7693
1191
5958
9734
1007
6947
1855
1386
5929
429
7264
9264
6906
9208
9889
1756
3914
2945
2699
8076
1303
1874
7086
3198
7301
239
3585
6233
8630
1155
4955
6828
8754
6359
384
683
499
7833
8663
5544
676
3399
9750
8127
5085
6690
7305
7729
439
590
1278
5635
20
1512
5921
530
7098
6628
2853
5835
1716
9436
3992
1692
271
8184
370
3820
8808
3649
647
4469
3156
3849
6440
426
8835
2733
6677
4803
9792
5786
586
3302
1667
207
721
99
7444
1971
4178
6246
8029
6442
7564
3966
346
3236
6683
4383
1763
4916
7596
2310
4761
6249
9859
6263
4099
8370
7614
582
5231
9977
5783
9781
3790
6102
2483
3742
3572
9275
2784
3363
8101
3239
4470
5749
6111
8757
9518
9425
8013
8466
4647
4549
87
3003
7235
9240
6595
7998
8095
4451
5034
6053
2604
375
1401
1640
5736
629
8502
6243
4418
1041
6000
5173
6858
1675
1210
4168
7421
4826
5650
3943
7719
3855
7029
5347
3191
9862
9953
7157
1697
3558
1403
8194
6986
8088
9582
7000
9245
2326
8336
7082
1626
6209
6901
9472
4322
7938
3560
2084
863
1071
7436
2860
4862
1169
5291
1069
6292
7020
9849
2254
390
3836
4174
9169
8365
3418
7011
8747
119
7064
3533
9360
7631
6358
3423
4843
5240
8368
8560
6647
4378
9658
3807
1342
9126
9521
5556
2748
6189
7859
3997
3696
1419
9147
6651
7618
4281
8829
9041
1985
9714
7196
2238
9125
3605
7192
5996
8805
40
8
4128
4443
4531
9909
6478
9303
767
4074
7957
6697
288
6466
2025
6770
1709
477
2836
3194
1926
5748
9000
2239
7685
5342
4027
3609
198
151
7747
2491
4528
9653
6850
319
8545
8915
246
4618
7960
8871
4600
3329
9687
6093
7138
3447
1622
9371
2886
3421
4994
9954
7944
96
350
4540
7034
1355
635
8894
3637
5919
7533
9179
1827
5260
666
164
5407
794
2127
9716
2357
3491
327
1300
6884
9471
2751
9961
6398
3506
4336
3732
2345
7722
1730
958
2532
3358
2114
8681
9832
9498
2152
5142
1003
2012
4491
1916
9039
7326
451
8077
2158
6065
9767
4100
5086
2727
7152
139
4730
3755
550
8656
9160
1768
4217
2169
6711
1225
7711
9952
6680
947
3651
2718
79
4001
8903
8171
8413
8102
1693
8896
3350
3553
7845
4960
1859
2571
8405
4905
468
946
7376
4735
2621
9637
9225
6552
2095
6044
851
4236
4288
6210
3712
5477
3563
8968
7873
9569
5985
8780
2135
941
8821
9012
3959
3813
3158
7448
9061
157
1850
7438
6813
230
1821
1372
5867
5956
9617
6926
6068
6241
9416
4608
2686
3481
8438
8041
1925
8527
1187
4194
8073
760
984
373
5785
8487
9404
8986
8623
4516
9873
9754
3127
4565
9194
6871
6879
5139
2014
7560
23
4106
2866
1439
9059
7021
1135
9706
4997
1710
3234
2889
3956
9411
1176
7731
6857
7931
3797
4323
3468
1113
7468
4867
9645
7621
7424
4978
3205
5499
6149
7681
4765
6237
9913
1510
8444
9664
4648
5801
7648
2971
3089
294
4125
1243
2598
8360
5550
8879
8241
6876
3244
1255
1591
1442
5027
774
5003
6682
6368
5768
6703
7669
5357
3667
2207
3715
4685
2166
1452
3570
8525
7914
3220
5624
1158
6713
1876
1803
8734
9592
5320
9168
7795
4684
8059
916
1968
5119
9259
3097
3591
5527
6366
7112
2009
6483
7282
8481
298
7736
3840
3449
5599
9737
6705
5602
5216
3507
2080
600
242
5608
4400
6780
5042
8954
4714
4134
7540
6192
1410
571
3799
4258
6931
2284
9789
9402
697
3016
719
7611
7963
2425
887
935
3619
9368
7973
6262
402
8170
9358
281
5015
4705
5346
7487
4699
5686
9678
4513
219
7811
1920
4615
5492
5435
116
8518
2948
9619
8987
1489
6516
7910
2367
4414
643
7402
8562
8011
4718
1469
137
8034
5136
5814
6866
5321
2583
1944
1378
7031
9493
4679
5844
5769
1581
7532
5848
761
2680
2007
1574
6474
8555
3902
7198
9915
7324
7866
2602
349
8531
7262
1115
9267
3360
2164
6418
94
5770
3306
7247
2770
2763
7484
7106
6244
4162
7439
4556
2160
4214
6661
4543
8858
9268
5575
9091
4514
2366
4756
4148
3889
6069
6383
9756
6655
9538
3042
6066
1366
5361
4752
6146
1722
3638
5148
4366
6789
1405
5374
5605
2417
8670
4274
8155
6541
7076
9970
1493
5642
9764
9255
2379
7888
9787
1247
6082
8206
8749
5348
7412
172
1468
1872
1941
6138
7982
5611
2628
1014
4507
778
2999
5854
1740
4018
184
9634
2479
3571
2993
3184
5596
1478
7715
839
7032
8263
797
6551
9325
9613
7675
1708
7360
9863
8565
4609
3312
7287
607
6772
983
7366
7697
3497
7158
1691
535
9774
6970
7233
8028
3971
1643
1624
7615
2952
813
3135
9106
4004
9004
6562
9587
2658
2974
8769
1647
3780
8591
5567
9730
9901
2444
5190
5176
1087
5687
1436
8229
2062
971
8848
1613
9566
6731
913
1825
7654
2065
8402
7502
6062
6212
8997
5384
91
223
3530
6985
8498
6859
7311
3458
593
9216
4143
385
6315
7249
2301
9327
8103
2364
2903
4582
6224
8450
3027
5987
8666
6643
6028
8996
1976
3151
7794
1957
3794
25
8971
260
8044
343
3460
3332
9342
8967
6145
3480
1494
5945
5282
7083
5166
2349
8530
2613
1764
4424
8693
8873
6256
9999
5894
8711
2023
328
8994
1209
9155
1163
8396
3043
8664
2229
1836
738
6290
7662
735
5373
588
7767
7934
4356
9526
5600
9279
7594
8947
3396
3645
8979
1935
6849
3509
6546
8303
2946
2262
9588
4809
1696
6558
1664
3680
8069
255
5682
2519
1035
5661
2124
7409
4039
1537
4788
8226
4824
9928
5773
9302
6112
9455
461
9983
7312
6169
7055
1650
5506
5202
7291
962
3341
909
7225
3845
3844
3408
3815
8572
646
3523
7717
875
6930
9415
8872
765
1297
1248
6075
1684
6487
9167
642
9699
6646
6594
9578
8902
3700
7599
2831
7334
6511
1980
7507
9134
8781
822
7779
5075
4188
1031
8490
3013
1078
3143
1582
2096
8634
7842
4644
443
4880
8718
4635
5916
7270
9663
3165
2897
8729
2149
1382
555
3147
8248
178
1991
8152
2767
5569
8477
7720
7796
5076
6345
3549
6437
4346
595
3867
6322
361
8383
1905
5646
3984
7563
8461
5739
4429
6967
9985
1217
2099
8268
9673
2555
9593
9845
9460
7351
1812
4787
9599
6100
3164
1076
1914
7929
9029
4210
7111
7754
4068
710
6685
5766
9818
7073
9055
7525
200
2649
2682
7432
9278
1676
2494
7100
4126
3159
1616
7519
779
3690
9988
3294
8775
1009
1128
3381
6630
2970
602
1733
363
5198
9231
8667
141
6054
693
1917
7314
3193
4744
8203
5698
4308
3781
4179
6282
2894
2644
2150
4359
5289
3677
1940
9081
7242
3442
7838
8689
9652
269
9570
6910
1960
3352
2004
7810
8195
3083
6568
1946
9836
5370
1207
9711
8057
8258
8746
4569
4153
8989
6539
4797
6141
4235
5318
986
2257
7348
4043
3344
8725
1350
5845
6831
8298
8138
734
1913
4442
2325
6878
4374
6702
7616
6379
217
5806
5252
4000
2717
8384
61
9006
3862
3739
4119
1565
2779
2098
4686
5861
9808
4280
24
3748
9054
9649
5441
3974
6874
7714
8315
240
2157
3623
572
7846
2387
8130
9195
3760
310
7797
8014
1435
4216
9015
1082
2665
5274
1846
3106
7001
6269
1400
4559
8114
592
5295
58
2695
4722
771
3285
5534
3114
1649
6802
8793
9545
5377
1341
3176
7005
3949
7946
1277
4063
1466
1585
1662
3850
501
7489
3750
2966
2908
2811
1039
8796
2600
4480
1229
9454
8810
5014
5395
3629
4988
2232
7510
2174
8454
7222
1048
7600
6303
1504
5579
344
9092
7582
3500
5953
5519
4485
7035
8946
465
2334
2584
1526
5926
4309
3401
7520
8214
62
7474
2040
8752
2986
7469
8254
1868
4771
3394
3671
8827
5516
9942
1338
5333
6776
5655
3471
5775
7843
7398
6348
4801
2826
8916
1129
9215
8087
3261
9243
4187
1357
5993
844
475
9542
8377
1967
3367
6504
472
213
701
2106
1293
3173
9434
295
2729
2143
2302
1863
1942
6814
4249
5537
1548
3402
8956
5356
5677
6333
3338
14
5485
2789
6064
2110
4946
8493
9686
7094
5960
5658
1398
6419
7190
5941
869
1669
1718
8618
6687
8064
2646
2973
8613
3270
5917
5738
930
8859
3370
5162
47
3311
7640
8168
8089
4097
9786
668
6948
2165
3040
3719
1214
8022
3658
8228
7514
5632
1271
8637
64
3462
7346
4626
5811
5872
5387
2627
3207
8758
7529
8923
7280
5402
521
6187
5663
1140
2596
8809
6829
1391
6531
9188
9288
7294
9459
5378
9643
1773
5212
4974
1290
4695
1761
1193
8135
3110
243
6253
8626
490
1430
3601
4192
160
2896
6699
8926
3969
2185
4304
73
4291
7607
4256
8893
5638
879
1864
3405
4277
3031
4915
312
1774
1631
6268
2045
4596
9178
9530
1205
8612
1772
5543
9703
8601
6763
6335
9144
4093
707
1284
1939
3900
2064
6463
9204
2294
7750
7986
9676
5160
7701
1907
4368
5098
9782
3361
9193
1752
335
261
3843
677
4108
7041
917
6159
487
5105
7882
7709
6346
4207
4726
805
9668
9690
80
4634
4879
7012
6893
764
3727
9574
4667
8371
3639
2250
1112
867
5899
5986
8503
8713
7671
6118
322
4698
7653
4751
1390
7482
8154
5205
7408
9449
9324
4045
1727
9173
3257
9870
4672
1268
5011
4590
7592
7238
267
2716
3738
7781
4084
5713
6523
3075
6410
8378
8679
9829
8958
4652
4415
9586
3888
5645
7814
6544
9235
5850
1141
1165
3540
8905
2369
3731
2984
7740
1588
5050
1620
6747
2083
8092
3594
6017
1834
3084
5940
7074
6135
8051
4996
1596
1465
8238
4892
7317
8582
712
8854
6380
4499
1566
226
836
611
6520
2642
4439
8617
1771
3980
4902
1729
5488
7732
9748
1302
2794
2333
4395
70
4860
3432
9118
308
9050
3298
9229
3804
6392
8682
9567
4233
7687
7255
9478
5689
1235
6457
6365
7453
7473
3115
4717
5055
6671
5849
5079
5644
2162
670
4269
1776
6596
4364
135
2075
8247
5362
2915
1414
4876
8149
6277
154
8938
4700
9642
3354
4219
4186
4176
2745
5167
2814
5972
4490
2382
3548
3811
4468
8869
4496
5725
8909
4839
1396
9198
2111
7372
3825
274
8134
4993
4080
6049
7295
7203
5073
5104
8594
2567
8340
4085
2955
469
2634
5233
6284
143
8928
3001
2253
8307
1040
7863
317
9221
605
5997
2895
8025
1652
6528
8425
5144
5531
7248
16
5418
4798
4914
9796
6981
5070
9166
9486
6204
6267
6554
6675
6729
1989
6571
8673
5511
8027
6716
3505
8660
1030
2589
7585
4793
5538
850
7379
6540
1477
3362
1892
3222
92
4351
2577
5035
4961
4558
4341
4953
9361
4202
233
4
5976
7904
3277
5967
8399
9250
9927
4878
3611
9908
9355
6222
1614
5955
3103
165
7590
1770
1028
8065
9665
6140
8528
6666
272
7243
6091
7261
9291
4138
1148
4712
3265
3711
7603
4160
9670
9997
1797
6574
7226
9001
3049
979
7513
8631
7772
3224
1784
6656
6759
858
8834
9920
6863
3885
9096
6070
9045
6074
7969
2588
8652
7004
9846
204
4335
8581
8278
5837
8058
2263
6808
8486
2808
4912
3948
5863
2920
1188
2737
5574
4779
2875
522
7895
2146
6431
8237
1032
5813
231
3365
3895
5702
4848
678
730
2224
8306
2035
8828
5558
905
8161
4098
6332
2485
2529
7724
4157
5345
177
480
3137
7363
410
5245
5099
6889
2582
2622
6279
7417
444
2501
7638
3716
4279
2981
6367
2697
2893
9337
1713
7649
787
1110
5281
2608
3577
2939
9819
558
2267
1424
5128
3197
9132
6704
7044
6616
8122
6958
9277
6334
1092
3109
2801
8208
5300
9662
7308
6962
6518
3965
804
1308
2968
1700
2074
3598
9141
5478
9329
5840
8225
7666
1830
1564
5952
1289
1898
8865
9894
5621
5805
6964
3076
4774
6309
5860
4962
7641
3691
2342
9356
6915
7817
3614
7716
6079
1560
8021
3162
7824
8004
3400
6461
3340
3416
7307
5629
3912
2906
1502
7970
8060
6667
5254
8418
6134
3005
5961
1189
1125
1299
7674
3707
7457
4166
5266
7107
4526
4218
6885
7179
7667
2362
987
7877
9738
1981
1998
2434
3929
2559
3564
525
7586
9390
416
919
7867
9410
442
467
3883
7941
3703
2693
9812
4574
3230
1902
6235
7777
8661
8256
7148
9266
447
5539
1587
6911
4267
5754
1200
725
8467
3374
9037
7577
6339
7610
594
5513
9488
5203
2511
1264
7361
1654
3547
8640
4662
1131
4817
5949
3055
3718
8108
3989
168
1348
5623
3627
4069
2547
6002
3120
3299
9783
4453
9226
270
9600
3986
1237
9437
9732
455
3357
2006
3808
783
6143
5570
5877
9085
6401
9856
4010
6289
5746
493
4212
5005
432
6386
7730
8310
6508
649
4782
3321
737
1132
2147
2520
8342
6526
3129
188
2944
7695
5498
9904
8040
7186
5901
2144
10
9287
1694
8126
7145
2607
1095
1407
5936
7663
5830
2486
5462
4419
6557
1417
132
8806
6725
3045
4598
7549
6117
3829
2021
1867
5685
6719
6445
8715
3282
8642
5764
4397
7655
3271
982
4806
2071
5064
6352
4965
5753
1910
7792
4510
3539
3062
4231
2987
8246
4079
8819
9919
5409
3496
6555
5382
2292
1422
8816
4199
636
1529
5171
8955
2285
364
1238
6025
2856
4471
5755
351
6992
5461
8434
8382
2123
632
2392
1126
9776
6995
6472
5928
5125
4314
6723
8140
656
6357
5727
9020
3228
3698
6734
9073
2415
1523
147
1005
3907
2595
7338
43
2432
4041
2097
5509
5933
7644
1928
2403
8976
3479
1393
5306
6899
6584
6492
9057
6020
8731
7725
6104
3550
8700
3985
2531
9869
2375
2891
360
1070
8160
757
2694
450
3077
8607
4423
5310
9944
2323
536
9584
2341
8803
8741
9217
4536
2027
882
3751
2964
7343
4307
6728
8096
5626
7370
9336
7952
185
7465
8017
6864
5088
1873
1741
3393
5286
358
8569
9957
4292
84
6035
5
8675
6426
5420
8533
3784
8944
2191
6168
2815
7501
5040
1780
8443
2038
1057
3122
5032
7766
832
9621
1678
8919
8038
7219
4866
3770
1984
3954
2824
8079
8474
7151
9316
6388
3495
9495
5734
1139
9824
1748
2842
6304
2603
1203
2872
8934
4562
5177
4103
6373
1103
7146
5059
5181
9795
6726
9735
4252
5762
4385
8074
4546
9719
4289
7983
2525
6896
128
8514
1807
7068
4465
8381
3516
7199
7171
5455
8703
9233
8478
1231
2541
4630
8776
3561
7275
4411
9532
4995
5141
1837
2340
8431
2424
578
952
161
8511
3941
8332
8456
3029
538
4295
7331
2499
7279
1324
2862
809
9516
7598
8541
5097
4118
5751
3490
4220
5430
1573
22
3251
8016
3217
5415
9461
9445
6795
8945
419
149
6826
8807
7951
9290
6408
5056
5832
5403
8349
8804
5982
5613
7130
9964
5841
3911
2049
7254
2828
8590
1156
8223
101
8795
6714
9482
6430
2187
6600
949
8235
6114
6835
9623
5283
7894
7927
1936
5094
4467
8657
9638
1847
3430
7321
8951
7176
3603
6617
9939
2879
1851
9474
1106
539
796
4109
4827
5743
5329
8232
4239
8537
2436
7003
3519
4739
2196
5873
1903
4885
1312
788
999
6692
2279
1042
7909
1185
1612
7748
695
8147
7250
8146
1961
6130
8188
4601
2683
7298
7451
4851
2777
1206
6441
374
7119
9739
68
8739
6817
1226
6766
9763
4820
9359
8375
6543
6597
2774
7062
8788
1090
1073
433
1409
4033
3759
9154
9269
3149
6434
6790
5821
9032
7776
2276
7033
7125
8756
8610
9423
8427
1789
4363
2039
5875
1279
4903
2386
1142
1399
7890
1252
6830
5018
5284
9777
1927
6090
19
3267
3730
3
2296
8684
175
8205
2231
6001
6353
657
1047
1433
3280
9080
8797
7411
6870
2126
4030
7053
6165
732
192
6793
9547
8517
8553
3073
6390
5132
6312
3172
790
9525
2059
6325
3090
3793
5741
1674
4906
6421
5731
2213
6123
5561
3022
7268
365
6943
8866
2705
2959
1145
4792
3692
7907
8291
1044
937
9946
5792
2852
3281
2928
81
5243
7626
4437
2573
4736
9571
8962
1547
8441
4750
7858
1317
816
7537
2281
9146
6417
4733
8270
3919
1152
884
3502
9797
3478
463
3551
6749
1645
2991
6529
176
4165
6946
2980
2105
9289
227
938
7018
8716
6107
4425
4331
29
9903
8158
3018
1181
6015
4416
352
628
3436
6208
1389
1123
5137
769
9607
4638
3709
5145
2109
1746
1522
5612
6607
1010
6161
500
745
985
115
5466
7708
9962
2880
4932
6785
2153
6060
704
1171
8482
8323
5237
6194
3772
2632
3964
5975
9886
2223
7664
9069
8584
1734
5175
7886
2992
9171
5080
4901
3427
9344
4746
5978
8453
2899
7362
2172
2764
7861
5114
8334
991
7245
6350
3118
4690
2858
2749
2865
3800
8961
5473
5271
8215
7707
7827
3588
6676
7293
6818
1726
1154
1453
4342
970
8050
2492
8285
2469
2475
5427
2395
5823
1683
5679
4663
3486
486
5359
1151
3131
2537
74
3892
6197
6287
3113
9995
3348
968
8981
4221
3838
6963
6932
873
5019
6807
6721
268
1164
5454
4547
4621
3254
9515
7727
1948
7856
6989
8918
1182
8211
7576
7578
6259
5641
3483
1567
3243
9875
4780
2270
2410
107
2057
2548
5911
7072
544
7874
5269
7691
1670
4224
3406
8390
6384
7037
504
9888
817
2772
4206
939
998
1754
3464
5772
5388
7209
6271
5827
282
1072
7860
3275
3293
4259
2092
7214
82
3532
3469
7783
331
7478
7016
2186
8843
2171
932
7734
5507
1597
827
6957
6447
4723
5215
2976
2884
7463
2451
897
5006
775
8289
6371
4386
2975
6420
4169
5973
3599
4891
6176
4365
5071
1673
7756
2684
7632
1816
8007
1970
6941
8969
8287
9331
9883
4950
7339
5131
830
1204
622
1731
9285
326
688
1056
7377
9296
2120
7995
3854
4313
9131
5542
4158
4380
7375
1023
2468
9807
950
9405
9945
5277
2997
1016
4494
5999
6005
5674
7299
492
2156
2929
3951
1298
4243
8462
7570
8094
372
7524
9801
1600
8243
1482
5703
4702
6955
3626
1230
2502
4076
3021
6971
1305
1358
8326
1089
7030
9790
3735
83
3753
4318
2832
1347
5763
2650
5025
2648
2216
7189
5714
6195
9236
3536
44
9655
5497
57
7635
5828
1476
7915
5589
8100
9835
8706
877
3322
533
901
1655
793
9420
5041
6798
7522
1234
1166
1736
3307
117
8497
8304
1695
1280
3494
7216
2843
3723
6147
4564
527
1310
1543
5637
7132
3934
9224
8726
2542
1806
1432
3309
1894
6591
6822
1455
6438
2615
2812
1950
3466
7913
4161
4728
3622
440
9247
1879
9452
5486
515
1530
5447
9802
9273
8036
4555
9333
1491
4273
3822
2137
5627
289
9551
3057
3749
1562
8262
9013
6730
9158
2091
5824
2050
5818
7942
6482
6416
4348
755
2032
4707
1899
9506
6458
995
7205
6566
3183
723
5660
8599
2859
1590
9924
1464
4566
6973
4703
3375
7212
2557
3744
8885
9656
9491
3366
6642
7992
3879
2688
4980
4044
8930
7079
3337
3875
8133
3774
8688
9310
1428
4597
1584
9765
6301
8009
2063
8284
2874
7340
4430
9419
7470
3785
3081
2800
2544
6018
3672
7471
6575
1982
4370
4670
6919
8234
6227
1004
6048
2245
2637
1085
3492
7184
6652
9124
4140
1721
6786
5325
8785
5255
892
6261
2781
3300
577
4104
2711
5859
640
9399
2837
5842
6125
5779
2288
6784
6797
9925
5670
843
1427
1962
2575
8376
2562
862
4525
3775
5913
9860
5662
6801
3238
4150
7629
1075
2399
3636
1459
31
5472
2170
854
7207
3168
9838
9723
744
3721
7104
3973
8106
743
1912
3940
3863
7955
1223
8042
1256
7337
5189
3860
4050
5077
7396
6604
516
4114
3319
3559
8182
3587
9609
5652
9806
9527
9378
2854
8840
6825
7276
4854
4357
6047
8939
9442
4399
6462
3511
648
3403
28
1060
4816
3527
368
9867
754
5744
169
9757
680
8778
5222
1520
8680
4484
2661
2101
7026
2708
8798
371
4223
8563
6966
5471
4604
2394
6924
4417
3470
9871
2473
286
9672
7835
3776
8526
4061
8911
5700
291
7327
5757
6009
8890
4412
4398
3091
2265
1880
190
5265
8702
1045
9440
9938
7753
6030
1964
7559
7406
1578
5614
347
9473
6738
6636
3778
8705
7322
9604
4987
7067
7440
2855
9826
5989
3903
5330
6213
397
9644
2504
6869
3189
4560
7399
6717
7851
5350
5328
2606
6561
8596
6996
5701
5815
194
3014
4478
9066
6620
5756
1549
9251
9075
2553
6396
564
6573
1485
9929
4874
8701
7306
563
5791
8242
9396
6236
1571
9667
3786
4781
9099
9357
1972
3557
2990
4535
3260
7535
5021
3634
8763
8943
3789
6265
9669
893
7892
9424
1551
6577
93
2558
2746
3918
5717
89
4999
1977
1052
5706
5880
7477
4904
1050
9513
2985
1521
407
7528
430
6202
2089
6678
3250
3015
8292
889
8800
3153
4882
634
6556
9998
6944
3409
9299
3215
9524
6586
6764
1658
262
1100
4796
7056
8393
5009
6078
9228
7188
860
6342
6232
2046
9151
4759
3788
1538
8887
3144
4802
66
2736
102
9479
8815
2829
5299
8836
7476
2679
5089
5545
3227
908
366
4622
2452
6852
9034
9484
1798
4396
5883
9007
2251
7024
2873
7705
1265
9805
8308
1404
2982
5819
6920
7924
7173
3498
1728
7565
7943
7589
6024
5469
1856
3203
570
3335
9153
9852
2456
3067
9560
8852
1467
4693
4889
7862
7912
4432
9857
8884
1896
2011
35
5436
2848
585
8501
3255
4895
9286
1285
7834
5505
6771
5598
495
7285
9598
7665
8653
2756
871
2454
130
6217
9540
4934
8116
4305
3487
1845
3006
9897
1034
1849
1505
1760
9727
4545
8686
5526
5406
7269
3661
6695
5197
1162
7704
2564
1120
6234
3242
694
1818
2311
2173
9271
8952
7959
9959
993
4640
5062
1241
7696
3834
3152
9987
4624
6547
3410
3139
1932
2470
8524
4537
2026
7089
8588
4032
3248
8257
5084
9150
8755
418
9113
7497
1725
6823
7875
1841
8529
5057
567
441
5594
6507
2321
5379
3957
338
6038
5622
3206
4842
1480
3891
4360
5386
9184
1161
4102
9272
6443
4859
5480
7690
5890
5092
1546
798
8183
1018
8230
1885
138
8406
3517
4776
4971
2181
7760
6022
2633
8353
2202
5037
4969
5618
5236
4524
8966
8605
7548
702
8549
9212
9222
7167
672
7139
7156
4952
2406
4372
1527
5528
1996
5712
2844
3134
1362
6796
5004
2701
2510
2630
9666
1416
8980
3576
424
9579
2199
1714
2795
4863
5257
4584
5206
8811
5597
193
6006
5319
7258
2324
5514
2327
3650
1440
4444
3592
1065
7169
1735
7234
8975
2579
5688
5659
2950
8784
9724
9492
4966
5349
7218
9418
7181
9981
1796
5276
3072
1198
2536
5984
825
6019
2524
5732
9864
534
6816
4587
1934
3961
4778
5313
9804
537
3765
1517
1871
9717
4855
5905
9049
3292
8452
7521
7819
8231
3413
1500
3187
1329
705
819
8862
2477
5918
997
7542
972
7878
4459
5657
1147
8115
4567
