Person|creationDate
28975699
28948681
28943101
28967414
28964936
28918116
28920629
28927086
28926647
28949585
28921087
28942216
28970357
28935730
28951800
28976592
28920033
28945544
28926284
28943453
28959821
28930773
28963031
28943416
28974865
28973856
28934072
28917125
28920380
28917381
28973847
28943172
28933824
28920174
28921478
28929164
28938391
28934276
28968100
28953018
28947375
28951894
28958315
28918571
28941505
28927254
28976103
28922935
28974277
28925764
28941751
28925249
28928123
28973583
28933405
28941706
28932908
28939123
28935558
28971558
28949895
28939755
28920314
28918465
28938733
28979682
28982492
28958650
28918122
28972395
28947866
28946985
28963509
28970385
28920547
28970314
28963478
28929571
28944230
28962461
28918144
28979245
28969561
28925624
28928200
28946369
28934825
28920740
28933638
28950537
28930414
28948091
28918620
28963527
28916959
28929563
28951590
28966840
28934952
28933163
28978006
28971277
28957490
28967138
28923063
28926241
28978746
28933484
28930181
28968728
28934501
28946409
28982134
28920363
28936002
28944412
28974726
28962990
28938985
28972356
28981060
28942110
28955025
28941956
28957323
28953636
28925339
28930899
28967524
28936117
28972902
28921089
28965566
28929991
28929834
28960460
28951404
28921604
28959688
28942709
28948082
28970352
28982735
28978665
28933236
28949874
28918283
28920402
28937843
28962800
28935410
28943814
28944636
28952419
28939655
28968526
28934688
28969038
28982853
28953904
28924931
28929790
28981247
28964004
28939563
28930827
28978373
28923739
28940477
28957387
28972804
28978664
28958495
28970434
28935313
28934458
28979833
28954377
28944695
28974281
28924007
28972714
28959597
28924050
28956213
28923213
28971965
28920420
28940142
28981634
28919707
28943671
28945332
28973514
28950354
28941375
28953054
28953833
28945954
28942805
28922276
28978958
28969269
28923974
28935893
28922906
28969348
28969389
28919426
28946881
28956530
28964731
28979093
28982230
28967216
28935794
28962962
28958436
28974390
28932692
28976455
28949878
28945927
28949569
28982107
28932003
28971748
28978063
28961589
28922527
28970384
28935158
28969180
28981628
28936710
28970066
28947178
28919510
28955895
28938870
28973329
28953682
28953425
28961079
28962769
28932060
28924387
28945177
28965401
28972534
28934965
28967203
28973035
28923829
28918055
28932073
28965097
28919339
28944287
28970796
28945196
28975970
28953633
28917983
28943759
28954281
28927556
28951286
28933645
28937376
28948854
28981482
28964047
28931163
28974404
28944564
28942188
28922054
28965276
28979619
28968595
28930059
28951118
28964343
28953859
28976464
28930798
28918313
28976313
28939060
28941707
28943494
28958138
28934629
28944829
28921359
28961064
28939180
28958309
28967880
28941004
28975245
28978636
28951236
28976649
28924323
28928551
28968428
28967264
28935762
28922736
28927489
28969769
28968103
28930253
28941617
28924300
28925940
28980989
28932374
28949898
28965342
28925573
28966364
28941421
28967959
28944634
28938576
28957061
28951567
28949268
28972413
28982229
28968182
28923405
28953609
28951427
28972304
28960813
28917133
28936895
28971728
28982540
28974190
28948620
28927083
28954493
28945843
28968628
28973960
28981272
28943316
28945984
28955327
28974288
28954726
28958891
28961177
28934792
28920477
28979661
28949796
28943204
28976602
28940089
28974071
28928146
28960914
28958955
28980458
28936558
28921217
28954576
28917442
28957523
28919848
28954930
28966612
28952435
28975251
28929315
28961612
28929094
28954049
28982115
28963339
28961123
28944566
28971141
28937234
28961389
28947218
28978921
28954931
28972478
28963344
28973070
28923638
28919569
28938428
28975576
28982628
28938294
28939111
28927738
28945793
28939797
28955510
28953930
28924464
28921069
28918015
28931832
28920748
28935226
28933057
28934313
28973408
28930200
28918652
28955808
28944619
28926990
28959542
28978891
28953791
28935850
28931437
28940487
28935362
28945935
28945048
28926610
28927721
28937319
28936432
28982139
28917475
28965725
28955728
28975784
28920066
28964084
28943735
28972136
28936279
28919099
28968287
28971464
28931732
28944553
28945184
28935687
28981779
28970622
28974219
28936932
28961519
28941770
28924036
28918884
28917701
28948598
28934001
28962595
28925223
28926312
28964163
28945724
28943311
28979852
28933736
28964589
28981034
28982162
28921167
28933961
28952706
28966720
28977196
28926366
28936682
28935414
28918173
28940776
28940857
28934895
28948588
28968332
28945327
28927786
28936043
28917332
28970659
28949054
28922073
28957043
28948733
28940851
28946970
28930292
28960745
28921282
28918943
28980632
28936217
28978479
28946418
28967719
28922965
28957920
28948203
28939132
28976934
28923301
28930092
28981494
28956045
28961376
28975659
28932790
28959375
28922956
28938579
28980924
28932260
28938453
28965680
28950234
28947203
28957009
28959447
28920305
28960355
28957051
28955766
28945486
28925778
28956646
28917470
28927761
28959466
28973187
28979649
28919727
28972265
28955883
28949641
28948354
28932056
28965599
28958845
28935309
28943308
28947492
28961607
28951989
28952165
28981136
28957639
28969585
28970558
28939396
28982909
28940810
28974386
28976007
28961354
28928968
28928007
28923267
28968888
28949498
28931718
28974851
28961667
28967040
28973274
28943728
28923012
28969077
28946865
28922516
28962464
28961448
28980239
28977649
28934284
28956597
28958247
28968162
28981043
28967226
28951971
28926527
28971654
28954771
28938213
28968619
28972965
28924383
28956780
28920946
28953524
28977827
28957874
28953993
28946436
28979159
28930721
28941750
28972593
28952976
28975736
28954608
28936415
28933171
28945945
28944690
28976583
28969184
28958740
28967772
28978811
28952012
28947299
28932009
28956047
28934799
28981203
28978847
28954732
28968936
28965851
28946718
28961504
28932904
28935015
28935188
28917718
28922533
28921900
28982129
28935128
28919153
28957260
28931885
28968059
28978575
28934877
28942939
28955091
28974037
28972130
28978718
28944699
28924501
28930822
28981242
28935864
28936447
28947690
28948535
28931432
28944865
28916962
28920348
28926554
28977464
28968163
28935962
28965004
28957151
28948778
28981394
28927324
28923107
28932257
28925496
28932804
28956330
28976775
28932050
28950038
28946639
28945815
28961065
28926600
28979904
28931393
28941491
28945289
28923198
28954229
28922593
28943879
28919361
28975797
28925009
28928908
28936185
28959975
28944910
28959591
28933854
28963779
28949209
28937678
28930691
28976665
28941146
28929971
28931856
28953207
28917876
28937693
28929725
28951782
28977990
28922196
28935592
28927401
28972055
28963798
28918851
28946106
28942545
28954898
28968610
28931353
28939140
28930221
28917935
28923402
28976262
28920607
28982654
28952597
28978782
28923485
28935453
28980185
28967553
28956084
28956632
28945630
28942204
28917451
28919818
28966802
28927399
28971714
28936668
28935611
28982917
28928892
28955523
28973794
28918293
28965749
28925446
28952438
28967432
28945465
28940197
28958308
28978008
28932431
28968095
28929598
28940136
28956952
28948729
28976544
28952741
28942938
28928242
28920466
28932126
28936902
28969683
28950509
28952502
28958779
28924507
28982782
28968317
28967406
28981307
28954677
28937788
28951129
28975951
28974677
28928560
28975308
28941177
28956892
28971198
28962888
28947791
28923250
28976224
28934970
28972438
28975442
28961420
28951268
28980456
28970518
28981336
28973630
28948010
28923896
28916933
28981441
28947086
28982545
28971600
28931865
28921461
28970643
28930803
28954910
28977390
28950923
28948586
28961912
28936122
28940717
28958577
28952492
28934699
28945484
28970019
28976219
28937826
28954083
28977783
28937741
28931243
28977738
28938257
28968186
28933013
28928374
28932768
28972475
28948207
28928698
28977946
28943346
28980153
28969347
28960921
28964224
28941338
28969121
28945238
28934373
28946603
28925479
28969357
28958861
28968270
28957633
28966419
28965630
28929889
28980778
28941469
28977997
28927990
28980405
28926306
28932024
28928865
28973862
28973133
28930477
28940217
28972595
28929554
28919108
28977640
28972969
28975202
28928484
28976864
28953733
28918197
28969537
28943893
28926602
28964596
28979139
28940258
28959086
28956241
28947985
28964361
28939433
28953109
28959096
28924727
28947233
28981432
28946768
28970316
28968704
28966742
28949639
28940478
28950795
28975374
28929214
28929634
28952055
28921368
28965307
28930619
28974306
28931410
28981184
28930743
28946637
28934963
28917615
28982758
28982208
28963139
28927444
28937279
28931042
28924216
28956937
28921866
28976077
28942392
28925021
28959032
28939238
28916990
28971219
28920038
28953468
28937716
28943257
28942393
28955149
28930101
28975230
28952465
28947135
28960636
28945669
28939703
28930105
28962109
28934088
28955103
28974661
28956141
28932970
28976165
28942808
28937805
28955522
28961499
28917087
28920886
28935012
28950191
28982196
28926110
28957280
28925956
28925584
28938546
28923765
28969555
28925906
28963545
28975497
28925581
28972925
28959129
28969403
28951227
28917850
28969363
28923183
28947884
28928730
28961831
28929207
28974783
28973632
28925675
28917545
28959562
28923358
28954479
28968671
28931180
28918528
28977955
28929645
28922618
28960620
28949623
28980095
28952614
28951482
28919790
28959255
28927447
28923814
28942920
28942980
28976739
28932843
28964904
28937540
28916951
28927461
28981951
28965177
28925006
28957207
28923318
28935766
28971327
28975295
28974283
28918951
28932639
28938429
28962133
28959783
28921328
28933452
28930720
28942500
28966258
28936148
28950958
28945578
28968892
28940385
28961112
28923689
28952777
28918471
28962191
28966325
28947852
28952612
28919353
28977821
28967031
28975054
28950992
28968043
28954692
28945734
28945827
28956111
28977723
28930194
28952157
28953874
28954025
28933335
28918621
28970355
28942416
28928874
28943516
28925859
28946699
28947324
28948869
28971798
28957214
28950438
28937831
28973420
28951106
28953480
28969631
28977604
28953201
28968195
28965650
28917974
28982491
28951067
28976366
28939607
28980021
28953106
28929752
28962163
28932878
28977621
28959590
28948994
28958532
28981860
28928013
28931688
28939751
28931295
28949519
28975004
28956391
28978693
28968742
28951085
28928842
28954307
28982479
28973972
28977926
28948238
28919057
28979687
28938194
28954737
28917975
28947340
28935930
28920588
28928250
28933817
28942214
28956773
28925807
28961227
28966069
28938941
28971442
28943737
28959299
28919826
28933120
28939186
28947105
28982852
28924884
28943344
28968952
28979436
28969051
28917363
28955955
28979202
28946898
28955127
28972324
28975686
28924540
28930027
28966389
28971597
28918628
28979216
28950352
28950203
28978051
28945700
28924193
28924376
28923964
28929083
28982879
28936505
28971403
28945810
28971612
28967099
28973160
28976282
28955794
28938016
28954195
28924037
28960165
28977303
28929222
28972182
28972690
28935602
28934300
28962856
28931563
28927082
28970363
28978340
28982418
28958018
28967854
28954175
28940590
28929983
28924433
28982142
28956315
28929439
28981279
28934731
28964688
28928906
28964796
28958954
28929785
28951484
28954020
28947030
28958765
28917687
28977635
28933395
28956006
28929374
28938993
28980137
28951681
28941765
28973521
28973054
28958919
28956318
28954581
28947984
28923223
28922910
28973909
28974131
28956535
28977767
28952457
28978675
28976079
28936991
28982824
28947175
28927555
28965686
28968347
28948243
28964122
28947504
28936211
28969834
28922044
28940440
28969079
28963958
28981235
28922964
28955369
28970482
28954074
28981687
28941478
28925282
28944382
28973919
28957083
28979460
28947373
28946890
28946638
28972603
28950301
28969874
28941500
28927081
28961387
28945086
28964640
28956138
28970386
28928895
28964645
28925485
28938794
28965614
28960903
28967149
28926716
28922174
28949667
28959981
28960156
28947339
28927028
28949444
28982264
28935670
28936491
28954296
28962999
28955508
28934539
28959813
28929600
28937422
28958045
28964681
28944778
28922001
28945771
28930857
28928980
28960408
28936698
28932759
28917649
28981732
28947869
28942772
28966918
28961126
28950296
28959409
28935377
28941006
28919017
28968075
28946702
28960824
28956966
28959172
28974274
28975455
28926685
28971693
28979209
28933324
28953193
28925607
28940981
28939658
28929137
28938368
28981601
28917992
28949249
28953064
28920414
28964263
28939990
28933064
28975276
28931853
28959298
28976718
28948975
28966927
28941862
28979474
28932622
28926546
28944406
28973915
28943141
28927478
28943226
28963048
28970258
28927532
28952773
28940388
28939906
28940514
28972501
28967326
28952187
28923716
28978650
28951685
28939542
28954428
28955425
28965899
28944702
28927607
28965060
28978461
28963147
28967824
28982292
28959279
28963274
28949721
28935480
28969699
28973761
28974096
28951700
28931338
28956565
28952810
28944474
28922971
28964016
28935666
28967636
28917252
28964485
28933802
28974759
28918704
28959277
28919263
28922685
28941463
28928043
28948311
28917531
28967962
28930305
28923811
28958952
28921512
28944476
28922142
28923868
28937511
28935243
28924112
28974259
28923631
28942100
28962685
28949541
28947443
28965799
28948833
28952942
28943273
28965597
28947626
28982206
28922049
28950626
28941527
28960690
28961505
28972419
28980676
28917644
28933591
28917763
28953213
28954148
28962362
28961463
28967870
28965196
28956122
28956992
28939741
28941321
28954844
28944355
28924723
28933352
28940577
28976750
28968762
28928660
28978365
28937172
28927506
28971865
28937942
28924273
28973308
28918288
28937701
28958677
28963685
28946605
28922767
28928499
28981409
28949944
28973639
28967263
28961168
28940327
28969255
28927597
28935455
28973299
28940830
28979421
28950192
28949296
28963079
28957814
28970942
28927770
28920719
28959471
28925101
28979602
28934934
28955612
28964901
28941165
28982690
28972429
28962766
28973496
28958906
28974518
28948449
28944438
28946630
28941482
28917459
28967958
28937542
28943134
28970232
28939000
28940014
28969734
28936175
28927974
28942470
28972142
28931674
28934035
28968260
28970373
28928733
28980824
28975227
28981439
28921048
28939383
28918244
28942822
28953558
28961826
28946377
28932616
28917242
28962909
28980722
28967128
28936494
28957704
28920184
28959084
28960861
28946265
28954359
28948748
28941443
28979508
28917737
28970137
28948531
28931808
28941031
28932486
28947052
28933331
28923002
28929250
28935520
28922644
28978764
28966567
28954861
28927784
28949886
28976204
28959787
28932596
28964713
28948889
28981145
28975572
28946373
28954543
28932673
28933472
28922228
28924632
28972025
28934366
28948460
28981146
28921831
28973058
28952915
28925379
28951166
28956165
28918844
28979399
28937986
28921111
28934517
28968139
28925457
28929134
28924123
28948280
28917184
28934237
28917549
28923061
28940137
28963668
28975433
28929375
28927367
28954724
28921472
28942417
28949211
28927584
28953648
28925622
28924394
28972439
28952609
28976852
28967000
28966214
28981699
28955952
28947036
28947155
28981457
28947780
28947245
28954055
28928416
28922410
28946607
28918403
28945307
28955057
28956319
28928633
28973522
28927920
28937690
28927384
28951819
28917532
28934091
28979541
28919440
28937851
28927733
28953333
28947117
28980757
28950363
28933816
28976501
28947269
28950146
28977838
28976523
28921959
28925012
28967793
28936564
28925902
28930195
28976275
28960125
28968099
28972717
28940907
28944813
28975493
28942824
28927728
28936656
28966838
28978577
28947929
28953196
28944008
28960375
28926941
28963112
28949881
28921501
28969512
28957406
28974991
28935815
28972835
28970838
28918581
28961911
28975178
28979285
28934311
28931140
28974790
28978708
28930165
28955911
28961020
28971667
28930427
28981661
28982601
28936838
28946113
28958362
28962360
28974204
28945366
28969890
28973541
28967368
28961000
28918323
28971265
28959673
28941280
28981116
28976661
28975802
28947771
28973558
28921438
28975480
28974460
28959819
28925979
28933202
28940775
28917830
28965213
28945594
28976124
28977906
28947483
28918202
28958325
28941150
28953749
28918865
28953513
28947613
28974389
28932661
28930808
28977974
28952333
28936885
28963711
28935186
28936692
28979273
28923764
28940164
28957543
28982539
28935758
28927410
28949622
28976025
28974839
28952981
28947081
28950936
28931914
28917954
28964767
28982638
28966160
28977879
28955677
28918792
28974848
28925867
28920782
28922717
28942926
28944782
28956498
28931165
28941430
28937881
28930356
28961249
28939284
28941782
28963588
28958187
28920971
28972897
28981605
28957769
28957554
28964826
28920319
28942315
28960889
28943916
28930998
28934029
28933972
28924883
28949902
28956254
28942381
28923535
28918239
28939634
28980079
28956762
28949899
28976278
28930359
28921769
28925884
28945715
28955356
28974207
28918268
28937381
28931084
28976534
28930845
28955486
28978212
28967626
28969758
28961801
28961997
28966881
28974884
28962198
28947859
28940091
28956025
28961364
28917492
28969338
28976378
28920876
28962455
28961738
28978953
28921806
28973262
28962325
28934751
28981612
28973150
28965717
28967576
28955812
28955574
28968985
28952685
28924255
28935267
28945145
28978957
28944584
28961812
28956172
28943933
28982774
28958927
28931564
28966361
28926404
28959485
28937350
28979693
28980140
28928357
28959345
28936609
28971320
28964392
28919086
28946196
28975130
28964592
28933140
28930679
28981668
28927074
28980850
28955386
28941634
28967283
28927685
28963349
28979832
28954106
28964314
28933312
28978514
28956041
28950844
28952663
28972305
28982431
28956069
28974489
28953375
28958707
28955465
28955341
28935840
28937946
28918463
28981074
28957829
28933992
28982025
28971297
28978834
28929593
28962776
28918839
28972125
28956431
28960390
28965735
28945066
28944183
28925129
28920318
28922002
28957380
28935052
28931517
28974870
28936385
28961372
28975528
28959044
28962069
28941666
28944765
28958009
28923810
28965812
28920826
28979887
28957320
28977207
28980117
28970607
28967755
28920387
28937486
28968837
28966349
28934455
28927299
28929180
28955248
28978965
28932781
28942537
28927089
28935465
28979979
28972329
28969697
28929652
28972779
28930755
28924833
28961006
28917313
28975080
28919661
28921250
28933533
28956451
28955129
28975667
28938111
28955852
28941753
28955060
28948471
28951973
28930840
28956251
28980879
28937400
28949608
28927805
28931652
28924292
28957462
28979214
28966685
28921503
28971184
28966006
28949621
28977369
28965088
28944655
28931728
28956830
28933480
28970937
28972292
28925044
28973031
28970417
28969262
28972005
28936862
28943080
28931441
28941694
28932399
28981351
28921011
28958153
28923334
28968070
28974140
28960297
28946144
28933550
28940519
28975919
28963714
28918138
28948539
28963758
28919404
28982375
28962394
28940246
28977031
28972229
28953759
28976521
28923921
28919578
28976495
28926807
28922650
28965443
28935236
28981870
28924468
28945870
28932763
28945616
28961028
28971466
28946359
28941019
28975426
28960759
28957253
28966915
28981277
28948859
28974165
28980487
28976437
28944541
28932838
28925948
28956341
28917160
28979878
28947292
28959800
28931435
28953282
28943000
28978741
28940111
28938340
28928986
28968092
28962803
28949758
28969461
28918920
28960032
28973105
28970268
28981575
28931669
28945250
28940121
28980465
28929779
28930176
28980265
28929723
28950973
28960895
28957101
28919189
28940639
28976135
28956344
28941499
28950909
28946540
28947251
28964542
28930119
28933997
28956870
28931553
28979308
28931617
28982926
28928710
28927220
28928047
28958737
28920272
28979045
28934976
28926998
28938061
28979260
28972907
28919468
28928814
28969836
28923406
28951578
28917365
28921134
28921843
28932448
28951412
28932756
28957971
28981172
28979757
28963152
28918895
28940101
28949308
28966029
28971004
28964889
28937536
28922580
28962434
28935883
28947475
28932575
28978942
28965523
28952495
28957883
28930244
28934351
28949801
28966012
28927266
28978196
28919478
28945337
28976223
28945112
28936358
28968842
28948180
28945067
28959912
28935597
28982893
28948274
28954670
28928066
28964819
28961780
28950445
28946478
28973635
28962845
28921982
28978750
28970621
28968562
28970244
28934436
28918630
28936664
28963894
28928392
28940919
28946697
28972575
28939998
28968819
28982497
28925927
28923773
28935911
28949114
28928802
28936819
28931110
28917140
28932438
28963652
28920920
28949603
28919965
28969332
28926829
28926732
28944914
28976471
28975998
28961184
28927244
28935217
28934139
28975648
28930521
28965257
28966936
28968340
28920858
28972621
28970383
28932506
28935922
28946833
28944560
28966155
28931744
28921447
28948838
28976795
28964741
28932270
28968151
28961323
28919482
28971560
28970033
28961320
28964160
28956424
28962356
28961566
28970264
28968309
28923062
28978182
28925186
28982454
28974664
28920556
28959693
28935808
28961677
28950520
28932832
28956730
28948269
28957203
28932181
28920237
28973196
28934183
28918915
28966312
28921824
28975730
28941174
28949819
28924655
28938918
28969458
28939617
28937650
28975603
28955787
28964465
28960237
28934850
28920252
28961491
28955668
28941988
28922170
28978231
28960872
28925861
28965059
28979680
28961886
28925654
28923193
28933354
28969684
28956133
28964870
28932509
28973015
28958915
28977567
28950300
28929246
28957243
28956905
28946971
28953883
28961131
28940924
28930040
28979799
28925674
28931252
28933745
28967634
28976682
28919771
28949665
28923871
28974770
28973403
28938176
28955335
28951509
28928405
28972480
28955692
28968614
28927239
28973236
28980907
28937769
28952986
28941339
28934218
28972490
28976121
28964614
28978149
28945287
28943197
28978269
28970610
28982899
28972347
28961909
28979686
28958001
28927986
28922524
28919154
28964274
28929066
28981281
28920890
28957632
28939870
28941801
28922576
28968016
28953689
28917035
28963950
28949959
28980121
28953880
28943480
28958200
28943363
28963953
28948395
28964053
28946152
28928220
28920716
28966600
28952971
28957419
28939864
28942567
28949964
28982612
28926531
28938469
28944544
28940375
28960361
28962723
28976372
28937708
28960646
28935110
28978457
28977805
28933680
28967933
28921714
28965679
28923013
28979764
28982523
28946040
28962913
28940333
28950816
28948734
28952077
28942398
28982798
28968422
28982817
28943541
28936084
28934674
28969503
28971815
28960346
28919423
28929937
28976392
28973366
28961408
28961237
28936735
28919904
28975437
28972467
28943630
28981810
28982892
28922166
28932254
28937488
28975679
28919341
28920986
28918942
28969470
28974628
28930166
28928177
28931028
28957912
28918466
28966964
28922817
28961044
28971462
28973695
28917611
28960562
28959000
28933481
28965914
28981001
28963754
28978610
28960389
28962105
28955319
28969861
28973306
28974343
28960650
28970599
28969053
28939914
28957910
28966379
28940261
28977316
28980013
28922579
28962125
28950135
28969424
28940848
28929399
28971221
28958170
28931339
28931518
28932425
28923658
28947801
28978456
28971649
28943407
28975734
28946662
28951476
28963583
28935921
28946430
28949850
28946977
28972829
28958848
28948574
28957844
28963053
28920517
28966070
28982087
28944249
28931375
28979812
28970011
28944511
28975410
28917329
28977383
28972468
28953660
28936886
28942607
28935601
28978841
28933266
28934669
28957909
28934663
28921347
28956324
28966728
28963970
28964968
28925078
28923247
28917306
28960545
28926658
28922088
28920776
28972774
28948766
28975722
28957793
28982901
28957324
28949429
28923112
28954283
28923422
28921730
28970119
28946641
28932510
28924200
28940711
28950130
28958097
28936667
28931888
28922616
28930981
28920482
28929601
28925520
28919765
28920280
28940522
28938726
28928443
28979705
28952636
28951765
28942411
28917408
28972202
28934912
28934424
28937119
28922944
28946150
28944461
28955000
28918940
28966298
28931733
28952042
28921519
28951374
28970193
28917189
28962111
28955793
28947010
28935878
28952278
28960170
28933905
28972699
28928313
28941898
28980340
28970446
28955712
28954146
28950984
28956021
28948565
28950143
28963298
28921074
28945538
28942523
28928363
28957552
28937837
28957888
28931950
28967151
28922184
28922557
28956615
28934470
28973170
28978193
28940969
28949500
28932645
28953377
28961090
28949972
28965880
28929175
28966740
28945914
28960062
28926918
28937334
28951754
28977503
28936395
28952743
28941294
28946528
28941913
28916969
28936336
28939823
28926916
28926162
28944629
28972446
28957936
28924765
28922248
28974424
28936112
28946684
28978204
28975458
28952203
28969729
28929455
28921326
28945755
28967186
28948547
28950406
28957629
28958023
28956706
28937211
28929204
28967457
28961366
28936939
28926871
28973946
28951758
28956802
28981502
28979148
28927684
28962953
28947919
28923973
28937937
28953854
28951158
28951474
28937951
28956929
28974564
28917981
28923090
28923025
28950951
28936849
28961083
28941272
28917823
28921487
28941471
28982307
28976713
28950632
28920495
28982826
28971957
28970114
28948254
28982953
28946680
28917663
28921773
28948856
28949572
28966439
28945032
28943972
28930540
28927657
28936463
28930016
28981246
28920847
28971569
28943639
28929342
28966759
28920551
28929551
28982908
28919025
28972379
28959356
28950260
28962714
28953493
28970116
28943208
28946361
28945012
28944267
28949182
28956574
28923080
28930471
28925383
28966969
28923017
28942578
28941508
28940844
28940644
28924863
28928433
28953516
28950347
28936507
28926668
28975749
28970605
28934096
28958222
28982655
28939496
28926291
28952992
28961061
28949672
28923850
28982652
28932032
28978765
28949012
28928991
28978327
28951458
28974476
28949377
28929589
28943205
28967252
28973326
28951030
28979203
28953681
28942755
28919097
28958477
28960188
28964094
28972913
28968188
28974261
28955033
28952049
28953499
28974151
28960700
28933620
28946380
28975762
28946896
28928982
28979107
28966818
28932654
28962003
28940035
28929672
28982588
28966919
28946544
28941891
28947739
28963951
28980958
28920138
28981586
28973085
28954505
28930930
28969118
28939322
28930475
28970078
28945490
28920818
28957711
28975834
28954947
28978562
28945880
28919200
28926697
28974431
28962922
28972833
28957635
28954683
28955137
28925004
28940662
28947026
28928913
28971051
28958201
28937377
28974330
28964508
28938447
28971935
28952091
28929559
28919803
28939708
28947189
28963985
28920386
28921035
28956548
28978943
28956429
28953315
28943899
28931833
28969127
28933128
28968901
28948033
28924684
28970985
28936965
28951906
28963692
28930085
28980381
28980610
28918979
28928817
28931392
28965772
28967579
28952874
28930316
28968464
28957894
28943074
28922077
28939704
28916938
28941941
28940987
28955858
28962366
28919286
28934488
28980088
28928528
28924439
28974430
28942335
28952982
28981821
28956389
28944442
28978140
28943651
28919000
28945603
28935514
28924198
28945917
28979267
28946765
28930797
28918298
28918768
28958123
28926159
28953673
28930324
28960532
28959402
28936955
28958708
28976032
28963974
28958648
28958692
28957719
28956249
28970051
28939328
28920914
28922116
28965752
28972562
28921156
28951425
28978428
28963123
28953621
28945315
28935358
28978951
28928519
28938940
28935979
28918918
28981568
28939564
28982241
28927311
28979890
28923048
28918163
28944526
28933621
28922205
28962270
28955064
28928125
28966756
28955237
28954053
28951116
28924173
28929082
28922514
28965664
28979147
28958241
28977548
28940526
28958876
28965547
28973859
28976296
28949567
28965575
28941875
28923100
28940566
28932385
28942297
28958549
28927080
28961228
28919824
28921599
28935904
28943685
28925878
28946109
28974995
28924187
28923640
28939502
28950377
28948837
28924165
28946592
28944107
28927455
28936459
28974549
28926158
28950446
28951250
28933183
28925357
28964613
28937724
28933419
28942581
28959333
28930770
28950743
28924652
28965807
28959968
28961014
28960149
28941632
28923968
28965447
28917721
28950037
28949716
28917098
28971116
28928783
28956797
28948110
28939374
28918953
28927517
28945155
28937811
28932935
28945489
28935224
28923099
28925735
28966777
28932272
28942277
28926310
28964417
28941439
28972547
28917557
28938800
28961983
28964086
28944079
28976966
28979249
28958907
28981211
28958513
28975326
28960835
28961822
28934451
28942553
28926957
28930374
28942466
28951665
28977885
28953119
28934524
28934780
28954747
28979236
28948815
28949579
28937312
28965617
28959320
28951385
28921825
28938759
28940583
28959301
28917120
28942141
28979794
28952193
28972709
28933279
28922884
28939061
28972706
28936768
28925316
28976998
28970674
28922878
28926571
28927108
28938242
28977336
28965723
28923662
28935371
28927188
28951878
28921003
28969328
28958830
28926891
28976339
28976884
28967670
28973637
28962965
28952508
28917064
28949869
28925703
28970885
28944464
28937480
28945658
28976168
28951576
28920399
28928306
28950590
28966138
28935222
28962399
28960755
28971409
28961948
28948713
28922789
28979611
28949889
28954442
28950498
28919641
28931198
28921005
28979991
28969502
28925214
28937853
28958537
28964680
28922800
28930926
28942358
28923617
28978733
28959195
28933812
28935427
28975010
28981893
28941591
28934678
28935415
28973724
28967807
28943390
28965582
28967620
28922224
28980284
28950404
28962203
28965027
28949658
28937809
28969009
28921724
28917908
28940951
28982847
28961899
28966095
28925850
28956781
28978362
28965126
28928870
28976417
28928140
28948127
28982029
28953280
28963410
28949111
28953335
28966504
28940053
28966333
28934030
28960881
28955488
28947254
28955922
28945687
28931758
28965762
28923330
28920992
28929696
28960412
28951664
28979768
28920969
28935502
28958727
28956100
28954256
28959681
28945696
28926206
28958452
28933039
28951626
28937601
28981688
28976633
28962280
28934396
28933971
28918575
28929193
28951399
28964196
28962349
28918957
28953881
28938040
28976370
28939415
28944354
28930393
28930602
28945586
28929795
28970623
28972818
28920101
28954225
28978453
28966101
28952747
28927084
28930319
28964728
28953183
28930484
28982066
28951215
28957366
28922681
28973840
28933226
28956629
28949661
28923069
28963206
28922882
28919199
28955092
28921042
28961082
28921142
28957758
28946353
28954779
28931154
28964149
28942570
28930265
28950634
28969198
28981952
28980333
28942005
28981165
28979550
28980305
28961583
28923989
28938264
28927389
28971820
28953171
28925224
28972927
28948034
28931445
28958351
28919232
28929993
28933998
28955214
28933458
28923129
28917881
28966663
28943031
28970281
28962616
28920489
28981280
28979077
28963305
28928394
28919850
28918577
28976512
28955044
28948699
28954813
28955146
28924569
28940661
28936876
28978186
28938601
28971539
28981526
28946982
28981609
28978079
28965531
28968714
28924230
28950704
28976206
28921680
28948525
28933946
28936606
28960731
28932656
28940559
28947548
28969536
28951774
28946068
28965990
28950420
28931383
28957582
28950151
28916916
28961011
28941893
28934748
28962118
28974375
28976550
28922587
28952352
28962199
28924431
28938320
28982147
28974488
28941015
28953167
28968431
28932619
28939475
28944455
28968791
28960222
28947250
28919786
28980096
28935715
28925027
28971422
28958304
28966858
28956089
28941249
28939880
28933316
28954795
28960592
28961661
28954932
28952529
28947655
28924662
28927746
28936721
28945299
28923056
28972775
28964583
28953295
28955711
28945631
28931317
28926919
28959651
28961317
28966622
28941248
28961765
28948267
28949316
28919201
28937120
28945386
28943725
28974248
28978840
28955213
28928747
28945156
28970813
28943036
28917471
28976653
28928664
28925174
28981900
28973824
28976837
28928793
28933485
28924718
28942549
28975977
28928773
28959354
28980108
28918424
28939889
28962934
28918985
28946234
28979659
28953869
28923779
28968915
28960932
28952873
28943127
28924701
28961307
28945620
28922749
28938164
28960767
28971688
28955587
28925627
28955594
28935166
28930794
28977098
28946439
28927570
28970130
28936293
28969264
28970126
28981447
28972741
28935165
28982821
28962884
28945698
28958152
28931549
28952788
28948484
28977406
28955648
28918114
28950039
28942572
28950484
28974739
28944433
28928766
28977401
28982610
28963201
28957196
28947385
28935723
28977102
28976522
28917971
28958484
28949218
28963439
28973316
28980311
28949463
28940394
28942914
28934446
28965132
28971022
28946302
28953079
28947329
28928060
28939014
28961521
28964921
28923840
28949870
28963490
28930935
28980116
28928272
28968299
28968266
28935496
28973472
28959251
28977690
28950604
28955329
28945804
28950720
28942461
28957968
28977184
28923869
28959875
28922284
28941060
28982275
28963157
28932156
28936140
28934750
28931256
28980205
28969835
28950074
28975243
28964484
28947337
28975710
28960040
28943714
28978322
28936674
28960917
28955313
28974575
28930567
28953485
28956179
28922807
28942885
28940479
28981921
28965544
28966529
28952804
28947068
28938130
28942749
28919972
28973880
28944696
28953453
28928361
28939759
28927547
28981093
28942407
28947963
28917075
28924752
28941530
28964369
28964176
28940636
28931306
28959425
28920682
28938570
28943294
28950418
28946866
28920023
28962320
28917683
28956029
28950708
28928196
28954669
28917833
28976954
28962815
28973615
28979957
28941752
28917504
28978758
28951483
28976356
28954983
28943504
28921547
28959435
28942519
28981518
28949865
28927649
28980167
28931311
28963920
28924250
28931662
28955470
28930828
28962725
28930011
28957199
28973103
28961621
28934132
28921785
28947243
28954975
28934420
28951226
28941243
28967374
28969216
28965837
28977514
28942680
28956810
28933278
28949136
28950925
28924536
28936751
28948679
28972328
28923583
28959360
28932499
28963389
28954962
28926884
28917967
28920116
28949743
28957056
28967168
28934244
28931954
28933199
28942289
28932002
28965224
28947599
28921984
28938425
28953740
28924149
28960970
28918588
28920515
28980869
28941633
28963055
28927614
28934635
28954274
28925653
28931513
28973333
28945396
28928768
28947495
28917916
28950893
28947146
28933548
28979116
28961522
28972198
28959137
28980923
28972703
28924000
28947156
28982123
28960949
28924725
28959674
28922622
28922150
28946029
28944450
28932209
28958865
28946403
28927333
28945931
28941652
28933180
28936967
28922785
28928229
28970436
28941947
28980498
28946145
28951874
28928390
28954713
28920773
28979965
28941902
28969375
28927345
28930439
28957073
28965161
28945311
28936574
28966345
28963859
28971230
28980500
28929553
28970088
28922213
28974088
28928620
28930664
28965910
28942753
28940596
28936979
28957540
28964996
28975151
28980995
28941718
28956610
28957183
28957853
28969638
28919226
28935091
28928731
28954124
28965956
28949273
28957204
28946886
28972964
28970257
28936805
28948229
28976779
28973874
28921692
28924677
28967103
28922075
28981171
28965411
28982948
28965238
28938321
28967058
28951890
28937268
28953362
28954746
28919307
28969479
28970396
28974860
28937729
28926462
28974045
28976059
28958136
28966631
28960462
28935934
28962085
28931300
28946836
28952756
28921207
28978484
28942774
28941572
28976487
28970959
28918299
28929373
28924145
28951168
28923032
28929635
28958035
28968027
28931699
28957685
28957531
28935335
28951195
28960240
28969405
28970977
28956303
28976910
28952260
28964168
28964140
28962269
28968965
28923200
28938046
28965677
28939057
28974613
28945709
28966435
28949637
28945041
28973232
28917692
28933230
28925352
28979189
28956793
28942180
28921499
28924415
28944828
28919147
28972577
28933690
28935994
28939067
28962855
28959284
28982634
28974654
28937261
28981911
28961622
28973592
28976570
28968922
28941322
28953771
28948650
28917647
28931297
28958401
28961335
28919457
28952385
28961787
28974569
28967760
28980530
28980904
28958552
28974486
28934114
28957652
28975135
28950157
28971366
28969471
28963557
28966147
28943991
28972732
28946555
28924912
28955654
28964068
28934007
28953273
28970648
28958328
28919801
28952544
28965941
28966487
28943203
28964611
28938253
28948678
28980151
28936321
28938577
28920614
28946846
28932644
28962622
28945944
28961859
28962010
28958366
28931347
28977051
28957942
28917839
28958719
28964917
28921187
28925725
28972049
28939656
28941091
28940349
28941989
28960830
28923456
28923387
28931685
28971810
28936256
28930005
28952962
28919436
28922385
28939651
28959940
28924902
28977793
28918380
28927775
28932243
28955815
28947659
28921123
28929933
28977480
28929989
28942206
28931572
28956721
28920567
28920967
28933779
28969736
28956154
28930928
28968050
28973786
28966548
28933592
28950331
28974910
28964606
28964526
28936028
28921257
28934608
28927213
28982792
28944621
28947128
28926792
28938327
28932647
28942673
28972749
28957748
28931211
28954547
28928151
28939003
28923190
28922178
28941573
28961142
28917622
28982223
28923058
28979340
28933794
28923780
28944694
28979978
28921552
28979901
28923618
28946298
28920164
28963517
28972052
28957082
28949664
28927997
28926130
28962954
28937718
28927701
28944678
28951453
28947526
28953707
28939493
28931139
28982956
28920227
28970991
28935424
28980025
28969912
28950962
28949960
28962737
28917691
28929707
28958270
28928234
28932520
28923837
28957957
28973804
28968833
28962895
28934213
28981854
28977661
28965306
28949830
28936373
28976913
28960939
28919857
28947112
28956664
28934155
28935417
28977826
28933002
28954174
28973787
28960052
28934167
28976119
28940471
28954675
28974963
28919535
28977833
28964552
28933594
28938832
28967714
28920235
28945246
28973268
28962933
28948636
28967825
28925094
28974985
28954447
28963333
28961804
28961971
28954867
28964893
28925923
28978214
28975681
28918959
28937385
28937947
28980599
28977717
28959039
28947765
28938493
28967639
28919759
28937053
28951642
28945638
28954729
28971775
28945481
28917317
28982813
28932150
28930350
28945650
28938673
28941048
28953263
28946435
28964584
28979058
28972216
28936379
28947413
28957662
28975785
28981154
28930734
28978974
28971758
28954094
28947766
28935900
28958374
28946660
28931823
28958180
28957401
28968368
28948701
28942818
28973049
28924899
28940869
28944503
28963043
28926588
28978862
28930429
28961512
28948507
28943959
28968235
28950836
28918475
28953947
28973638
28978423
28976833
28934623
28921117
28930549
28934339
28959752
28965642
28932507
28936737
28968898
28932215
28942414
28939079
28937059
28981798
28974029
28943064
28979331
28946058
28942097
28971819
28957584
28973729
28946337
28970913
28980114
28973600
28931789
28946719
28950024
28979268
28951188
28927782
28934483
28922823
28961705
28971189
28930916
28954335
28965233
28934324
28932208
28931960
28944231
28967817
28969340
28929882
28955792
28932680
28953019
28972696
28973053
28975244
28948660
28922218
28925858
28954834
28977247
28979872
28978876
28961972
28976173
28926074
28935059
28929646
28942299
28964915
28957169
28933648
28965789
28973242
28968291
28951753
28919352
28946455
28946090
28925578
28933114
28944641
28956676
28957658
28955332
28935471
28980558
28929410
28949149
28949584
28924268
28956709
28926681
28974880
28963741
28945693
28923212
28919612
28980342
28942850
28924059
28979603
28972606
28968370
28956680
28949366
28979199
28945781
28940019
28955572
28980578
28967791
28943687
28917893
28959755
28955906
28932840
28974703
28934084
28950204
28975131
28936581
28974949
28954739
28955455
28968173
28947463
28943132
28946802
28941166
28977343
28941197
28954048
28926082
28959536
28970190
28946218
28960189
28955225
28926967
28928767
28930053
28938344
28980524
28966527
28940292
28926250
28973556
28962028
28932382
28939059
28971982
28982558
28961253
28926664
28937998
28948826
28949643
28940889
28980009
28939602
28975728
28979074
28919212
28962023
28938924
28977616
28920753
28938728
28931650
28920144
28973887
28932160
28919425
28965456
28922227
28964927
28962740
28962967
28926238
28920636
28930833
28980195
28936506
28974670
28925784
28968300
28931299
28920584
28931351
28942055
28982900
28940654
28925349
28941297
28950407
28933479
28933169
28977510
28964839
28938070
28970984
28976694
28922194
28936029
28977954
28954317
28949834
28929198
28979562
28922430
28935104
28932582
28946422
28969728
28951392
28927153
28952190
28928772
28922229
28974791
28978742
28945885
28919118
28973284
28982342
28940127
28981077
28938246
28931026
28941310
28943247
28961536
28955474
28926285
28940874
28919430
28926992
28925041
28925257
28977442
28953640
28927423
28973473
28939301
28943303
28934262
28971313
28980980
28973372
28967136
28930870
28940756
28966205
28980100
28958178
28942776
28935247
28978818
28926487
28938166
28954157
28932955
28919345
28942722
28961013
28921041
28920679
28928087
28924012
28934206
28950779
28962746
28982265
28921067
28924469
28955414
28975404
28951679
28966397
28935845
28941657
28960239
28923813
28973289
28943269
28942891
28980972
28980236
28932595
28955547
28945710
28966456
28918999
28940784
28920094
28952887
28950645
28916907
28947930
28962439
28946581
28942042
28935634
28919701
28957994
28974859
28970661
28937203
28926989
28982500
28917300
28919413
28955551
28920478
28952591
28917522
28945782
28975967
28968899
28964466
28919609
28969083
28946748
28964531
28982528
28949208
28918898
28928684
28956015
28943065
28961464
28953814
28924748
28970708
28933443
28952798
28973184
28963056
28947043
28941677
28963149
28941583
28966776
28928359
28978988
28947572
28944542
28941302
28970062
28977359
28948129
28978572
28930829
28920727
28926896
28941954
28964881
28954857
28921450
28947706
28935319
28975755
28953774
28925761
28959020
28958321
28977211
28955473
28944157
28928142
28971834
28976527
28939393
28951843
28966454
28921032
28969289
28982451
28960322
28936470
28926800
28924871
28964693
28940194
28925950
28935616
28950044
28944770
28975089
28940990
28933338
28921218
28954731
28950658
28942773
28960090
28945209
28953978
28957035
28934833
28957250
28924993
28929913
28917437
28938032
28931459
28919501
28933988
28936913
28933065
28956723
28945139
28962224
28939232
28950579
28920462
28945100
28920759
28945164
28932249
28950136
28932962
28973547
28958415
28927296
28951889
28968400
28947106
28978356
28965453
28917739
28946199
28951346
28971003
28918932
28962915
28952643
28975772
28944758
28934219
28922282
28977141
28980675
28957048
28966410
28925862
28973955
28958766
28919117
28963340
28932959
28959110
28926460
28933281
28932121
28975334
28959405
28977115
28961110
28973098
28940824
28936413
28979082
28936869
28950178
28947571
28943198
28925612
28952248
28951612
28957370
28972800
28966940
28968078
28932233
28949473
28965174
28963826
28922017
28920122
28968938
28976797
28980393
28933225
28949121
28980090
28930702
28937278
28956279
28965299
28961514
28955416
28933340
28971306
28947018
28981636
28934298
28920845
28962038
28948343
28968959
28925851
28932519
28958107
28957242
28918823
28949929
28975364
28973501
28949451
28967739
28953039
28921253
28956395
28945090
28967970
28929841
28929661
28971922
28937817
28973398
28929688
28961857
28967702
28942621
28935889
28958183
28946452
28934764
28957771
28980041
28969651
28974484
28978705
28966347
28961003
28967158
28922251
28979000
28928367
28950194
28917699
28923981
28960331
28969317
28965469
28937418
28968719
28952242
28924954
28950298
28944214
28962409
28981556
28935375
28918837
28921323
28931183
28932985
28966213
28977156
28951748
28932298
28959200
28927913
28949320
28969822
28939427
28965667
28957054
28970585
28960691
28948438
28947014
28958431
28918182
28951751
28943473
28931203
28931561
28975035
28923798
28920741
28980680
28963294
28957334
28965397
28966338
28929408
28970212
28956550
28981147
28970776
28938981
28979633
28977404
28919013
28956738
28957460
28924836
28922494
28973595
28945632
28981019
28937266
28967823
28917423
28964064
28979841
28970287
28979462
28968467
28978772
28925994
28920961
28964808
28931293
28969411
28950228
28955389
28922459
28927124
28955203
28969439
28931141
28974773
28927001
28969183
28960476
28953801
28963646
28935811
28973551
28960082
28935294
28976737
28964752
28966981
28972272
28928638
28937910
28927511
28958814
28951216
28977886
28965138
28920157
28982679
28978229
28975110
28938931
28970555
28947115
28945607
28932940
28979207
28943999
28964288
28968240
28962537
28981438
28982997
28972522
28954226
28929711
28982862
28974043
28941623
28939806
28925493
28936156
28970317
28931419
28937310
28960649
28954845
28948293
28963472
28970279
28919732
28975788
28958352
28957357
28942446
28957767
28957399
28974976
28949312
28938782
28922067
28923994
28942548
28976917
28944728
28971620
28927070
28932103
28966306
28961045
28938996
28969586
28927167
28943631
28975517
28929555
28953383
28941590
28942658
28982765
28935696
28934607
28951151
28971828
28929265
28951718
28919555
28969888
28968405
28954467
28924761
28962060
28974177
28967709
28971907
28951678
28954130
28933258
28934815
28941355
28924119
28972543
28974766
28962124
28961864
28954469
28957610
28972349
28978364
28934592
28970181
28928556
28961457
28970220
28976712
28926810
28964478
28975088
28980441
28934280
28966545
28982079
28968616
28977122
28946811
28961907
28948860
28963835
28920541
28975530
28924857
28942793
28929872
28922994
28919123
28947147
28967471
28942915
28958566
28959649
28917304
28934835
28923464
28930177
28948929
28958016
28958235
28981791
28955525
28976261
28967581
28919529
28929413
28976104
28956874
28953245
28929909
28950722
28944002
28966058
28977163
28972933
28965683
28977070
28976663
28968343
28946897
28953225
28962141
28953761
28932791
28972773
28934582
28966632
28972466
28927812
28979076
28962860
28961599
28951919
28974425
28981268
28975041
28943912
28918637
28978715
28932461
28960615
28963935
28982197
28948468
28979477
28977473
28962315
28943762
28981312
28954814
28955040
28941406
28969233
28982081
28924041
28945035
28922575
28950233
28973075
28952345
28963905
28926575
28941101
28968248
28945973
28947979
28970407
28947249
28958605
28944469
28960782
28930064
28957283
28920660
28964998
28917637
28947724
28953163
28978279
28919577
28947482
28962592
28946364
28945144
28948616
28954568
28957578
28979657
28955331
28933739
28925696
28928112
28929148
28964158
28936253
28920707
28974871
28969944
28937794
28945963
28946423
28968871
28941598
28936974
28977681
28978560
28934238
28938296
28924039
28963195
28933174
28934980
28952928
28931268
28945571
28928053
28922200
28921249
28967001
28941852
28918396
28933090
28959266
28945894
28929487
28976263
28962791
28934975
28980909
28922498
28934027
28941768
28939528
28946788
28958524
28973702
28978668
28968283
28921270
28948619
28924035
28927898
28962726
28927407
28930238
28962980
28941796
28978065
28960617
28937361
28958151
28937348
28919852
28942316
28925971
28974568
28937339
28929750
28939969
28975367
28918720
28949445
28946262
28973938
28942224
28944111
28954862
28924357
28968261
28949645
28946700
28941737
28982158
28951784
28930990
28962432
28956746
28922556
28945701
28917900
28918683
28936377
28948266
28964847
28917136
28916968
28975720
28947558
28969276
28943415
28962963
28982946
28942454
28920565
28972322
28971555
28937713
28950070
28960513
28940635
28926587
28968741
28919084
28969592
28962343
28918337
28919633
28978641
28930579
28938976
28935367
28962452
28963800
28931634
28967278
28927601
28934442
28917801
28921196
28965958
28977024
28916985
28946291
28968558
28944143
28952903
28974610
28958426
28925681
28943002
28917335
28918362
28955143
28951447
28944012
28978311
28971761
28929185
28954801
28961917
28964355
28955897
28937420
28978671
28974920
28954987
28963498
28978751
28955282
28930155
28979366
28932617
28955529
28949074
28961407
28980703
28933341
28917439
28971072
28952590
28923360
28972487
28940994
28937142
28977624
28977773
28980831
28962706
28944282
28947822
28963938
28976903
28939598
28924730
28921332
28970425
28952323
28970312
28978190
28936966
28972002
28923188
28926535
28928609
28982460
28982911
28926242
28950670
28920518
28968087
28933754
28943193
28951960
28926246
28977689
28935134
28975874
28976859
28946479
28954775
28942892
28943623
28980629
28975646
28952699
28958689
28955567
28951147
28926889
28967984
28971073
28980316
28920516
28949278
28926956
28937360
28954602
28929189
28974583
28956641
28977205
28948140
28934321
28963969
28976776
28964284
28948459
28958525
28971039
28940863
28940939
28918939
28931092
28982043
28949884
28960042
28924859
28977086
28977904
28973373
28926262
28942118
28928096
28961453
28971311
28917144
28955913
28936630
28982800
28962390
28940623
28948825
28931001
28948376
28969185
28943825
28956202
28945879
28926220
28981479
28957039
28974170
28927180
28976581
28977982
28930445
28968209
28982848
28945214
28920906
28927944
28950152
28960078
28927644
28940532
28939085
28937919
28944841
28941576
28944295
28944281
28919665
28922323
28960871
28958759
28981330
28980961
28978567
28924868
28967190
28919742
28953551
28972941
28956639
28944208
28958791
28969314
28928722
28959350
28943913
28967160
28918641
28926020
28947767
28946629
28946726
28977757
28964502
28924876
28938163
28955924
28973353
28968990
28973669
28966185
28943166
28922413
28973806
28952836
28932036
28977099
28961332
28919758
28948512
28976034
28945765
28949736
28975786
28922144
28943159
28949849
28980662
28951040
28938085
28961970
28925939
28963917
28978277
28979257
28944597
28976197
28978167
28975656
28923271
28975697
28962822
28976972
28929666
28947411
28962945
28956453
28944347
28947491
28954182
28968349
28947805
28977151
28956072
28960376
28941275
28959553
28973301
28933830
28937899
28980364
28939144
28978792
28952975
28955580
28969680
28942756
28980978
28925943
28982646
28976006
28923878
28936245
28949099
28924594
28956016
28950650
28969957
28943900
28951518
28941970
28954066
28921291
28966337
28964567
28979081
28927866
28924567
28949613
28943097
28925779
28924587
28918060
28945998
28942302
28959123
28928118
28926237
28919192
28954197
28962107
28953571
28970924
28945271
28964886
28931236
28917412
28949490
28945494
28973829
28980950
28940683
28942522
28973968
28942569
28933625
28920833
28963891
28977420
28964455
28923473
28922030
28922091
28938662
28933748
28975156
28966235
28945681
28963610
28962728
28933206
28919255
28955498
28967701
28920294
28931127
28971142
28954843
28952313
28924411
28922485
28950081
28923088
28971587
28937031
28925590
28918606
28960887
28947877
28931878
28957246
28922301
28940369
28955289
28968532
28976719
28924186
28932080
28932712
28937003
28961929
28948540
28976065
28959367
28943017
28969339
28917513
28971705
28925738
28918482
28933106
28974914
28950215
28961093
28939572
28973666
28956028
28954826
28940115
28973828
28960438
28971892
28954346
28951278
28924497
28950825
28921169
28928701
28960955
28930971
28952667
28962991
28917989
28952594
28940428
28972059
28940606
28947524
28934523
28975568
28979857
28937665
28918702
28970484
28947941
28946198
28977201
28924817
28925889
28929040
28978343
28938318
28921209
28920112
28954758
28950845
28955698
28941814
28925935
28982869
28970239
28977501
28981253
28942785
28960205
28954957
28951680
28964262
28940050
28941602
28948886
28963322
28976860
28940867
28972635
28945657
28917240
28952211
28921410
28926841
28969689
28929225
28946808
28956725
28956176
28953110
28977632
28944530
28967270
28948570
28974586
28961540
28939295
28970742
28936182
28948581
28952633
28923322
28963014
28926045
28970018
28919663
28943366
28961415
28945866
28967945
28946590
28930354
28924206
28943118
28977477
28958823
28923552
28956908
28949652
28961501
28978975
28971239
28920021
28963555
28954242
28941003
28919962
28941470
28956343
28941393
28928848
28949109
28958005
28935629
28951617
28955170
28931971
28937103
28923515
28974048
28963611
28972963
28917569
28924185
28927705
28950938
28982716
28944748
28979785
28972362
28917659
28940263
28967512
28926077
28922293
28928823
28944744
28937779
28917461
28962462
28959535
28925702
28959506
28974666
28981156
28919248
28923858
28972521
28942473
28965669
28944411
28924880
28945570
28963924
28950682
28933346
28936739
28928268
28921131
28967345
28926867
28929419
28927510
28918140
28935736
28941167
28929758
28916996
28966294
28953431
28950963
28959523
28956171
28940009
28968970
28951470
28918873
28934873
28958380
28953366
28931882
28968395
28958657
28941857
28924780
28947966
28929561
28940741
28981181
28981105
28932113
28932651
28942924
28959063
28978597
28964135
28941076
28963955
28981341
28937695
28932191
28978007
28973720
28980711
28949248
28933833
28958263
28980525
28958878
28963710
28946774
28919763
28937698
28959296
28945523
28961496
28919625
28924952
28937113
28951406
28973589
28960751
28948630
28952768
28942074
28957486
28921985
28946458
28942238
28929140
28980418
28920949
28923913
28918671
28975296
28976107
28955352
28960760
28946829
28928078
28948978
28955174
28947886
28962961
28950954
28976083
28942137
28936980
28955396
28977864
28935160
28936490
28924204
28979940
28948686
28925993
28930044
28972112
28958336
28957066
28935106
28962261
28960022
28956080
28979704
28981986
28955258
28944081
28935121
28968446
28978568
28943057
28948808
28982200
28963615
28930084
28978529
28969691
28923154
28982737
28938351
28975850
28937632
28951137
28950190
28962368
28958202
28925802
28945805
28937848
28938135
28961360
28954967
28917272
28974166
28970987
28929578
28944068
28920223
28945130
28960195
28950919
28919980
28940923
28948361
28938206
28955377
28971255
28953637
28965783
28979579
28975615
28931540
28921728
28954368
28939638
28936365
28922189
28977231
28923256
28959910
28927518
28942565
28959864
28924984
28924894
28953084
28963789
28945495
28919193
28954979
28950475
28946931
28964897
28954537
28982630
28941645
28969189
28921283
28973280
28920476
28928413
28916917
28973553
28954740
28929366
28981353
28969523
28926327
28961962
28954439
28958198
28935413
28931099
28921643
28976466
28948062
28980360
28936270
28955738
28959222
28975448
28963807
28975169
28930669
28927209
28930841
28963959
28931965
28981611
28918516
28962790
28931423
28938252
28965167
28943770
28932316
28918368
28972531
28969588
28960213
28923647
28955003
28981067
28969231
28943984
28955012
28972333
28929767
28917370
28933026
28951733
28921713
28939460
28978271
28949326
28974437
28960490
28960968
28976547
28963535
28951302
28938434
28961205
28952890
28928850
28970741
28940989
28932408
28961337
28973457
28950534
28936143
28971243
28920633
28917949
28928263
28960371
28969290
28953999
28957545
28964029
28958526
28924921
28947508
28925987
28980888
28970477
28938898
28971460
28953287
28945526
28920375
28951732
28930994
28967373
28942654
28935584
28937244
28952811
28944985
28976627
28976970
28946738
28967095
28975038
28953194
28937035
28964103
28917438
28982018
28949170
28944019
28946295
28945453
28981591
28917903
28944040
28920970
28955105
28943449
28937666
28942996
28955678
28921708
28937567
28978849
28921998
28969819
28958148
28928212
28951473
28978966
28938369
28940738
28920001
28960666
28960766
28920296
28954912
28921158
28918876
28963564
28951725
28936973
28932287
28958792
28964575
28936864
28972394
28949946
28971188
28954344
28932143
28948259
28951211
28979186
28924244
28971200
28982594
28927519
28966869
28936510
28968907
28929617
28920298
28922574
28933980
28944532
28956911
28932299
28969777
28919601
28953671
28935832
28936573
28945718
28961032
28979631
28927631
28917613
28971531
28966653
28961164
28921678
28932055
28980129
28925908
28917496
28977610
28945685
28953696
28925545
28950290
28955620
28975658
28966534
28948781
28933970
28958072
28951263
28951536
28922525
28930893
28921528
28967683
28934097
28933385
28955806
28981662
28943691
28956904
28940117
28973752
28947896
28976254
28973834
28978265
28945901
28936782
28945645
28971300
28943319
28917788
28929075
28938367
28935321
28938069
28926042
28929926
28927221
28962402
28933707
28976393
28946464
28955423
28955288
28936517
28940758
28957067
28927375
28973278
28918819
28966734
28917070
28973891
28954150
28973088
28952271
28971089
28971549
28965943
28942943
28925829
28963293
28970185
28965326
28923164
28923586
28973046
28942795
28952350
28932881
28971192
28971642
28944656
28937118
28959465
28945415
28923784
28925871
28946912
28920102
28925750
28956339
28980637
28937661
28939431
28939955
28944945
28949663
28967017
28975129
28932635
28968796
28929195
28954246
28918263
28926092
28941200
28942800
28980227
28967319
28932565
28973009
28962479
28920652
28936218
28932976
28927939
28924654
28949741
28947808
28955602
28968020
28938736
28979296
28975496
28973839
28951869
28953667
28970949
28928833
28972154
28938651
28973305
28951821
28930197
28962880
28950444
28943096
28959344
28924557
28927577
28927637
28981028
28969226
28942199
28932030
28945030
28963911
28942623
28921903
28966739
28940038
28981334
28949355
28933224
28945904
28971421
28963142
28922321
28980450
28957483
28952146
28925591
28952270
28943050
28966983
28963733
28969532
28956420
28963461
28937496
28970716
28945842
28962273
28943858
28935690
28972502
28919695
28954566
28937272
28964723
28969489
28982363
28930435
28939685
28920954
28945414
28933670
28961107
28974214
28962518
28964347
28967632
28941262
28952678
28926815
28966588
28978905
28969600
28934281
28968855
28927503
28952400
28951726
28960594
28919381
28948948
28963268
28931526
28943862
28920188
28962640
28956349
28958678
28974474
28968324
28929528
28932884
28937197
28955116
28922102
28966476
28950488
28929815
28953917
28922417
28961511
28921100
28960583
28932356
28944876
28927816
28921225
28963125
28956508
28954085
28943544
28937404
28980819
28957739
28944871
28978836
28941317
28931620
28973395
28939509
28941605
28918523
28923675
28974136
28976406
28934526
28961809
28962453
28963976
28961651
28933293
28937603
28969986
28940204
28929664
28946705
28979534
28958361
28936286
28951098
28931712
28972056
28963395
28961958
28980460
28957266
28938337
28966372
28918659
28927905
28959964
28982051
28954687
28921443
28962593
28940285
28973758
28920772
28971547
28925420
28958887
28937479
28946869
28970798
28945186
28967736
28932391
28975146
28945642
28920857
28938764
28952002
28977735
28926988
28970694
28922040
28969518
28942412
28934852
28918310
28941734
28959352
28967097
28966552
28943369
28949031
28957226
28979776
28938191
28979731
28953915
28954961
28968341
28931748
28950950
28980716
28943638
28980747
28940342
28929473
28940163
28943432
28940423
28931460
28940032
28963424
28938909
28949144
28933069
28921133
28945982
28948169
28965876
28969961
28930903
28923899
28927800
28953805
28938545
28943424
28929701
28933921
28956417
28946434
28959541
28941041
28935242
28979485
28943546
28947489
28975361
28936194
28971203
28979606
28920699
28980182
28951306
28937896
28953549
28964725
28952953
28957999
28979726
28926385
28971589
28957208
28965675
28942699
28953345
28962485
28939612
28916906
28948847
28925166
28929582
28973662
28924408
28940129
28923226
28970360
28941159
28917027
28963110
28919055
28934478
28952862
28934360
28946061
28947082
28935645
28924201
28929801
28952601
28979431
28927256
28925218
28954069
28933884
28920186
28981419
28927948
28959376
28970644
28937068
28974111
28958314
28951538
28956651
28918669
28942809
28958044
28949757
28952892
28940411
28975378
28975375
28938967
28952825
28958596
28924006
28922239
28942331
28932836
28981916
28954988
28968886
28961748
28931438
28959278
28947344
28918567
28965484
28925104
28931470
28958796
28973225
28969047
28941312
28977696
28959040
28922709
28968174
28936484
28950761
28964229
28954164
28931606
28960894
28969224
28939022
28961816
28923867
28934595
28954570
28938038
28930900
28942385
28927834
28941710
28970692
28967728
28981894
28932518
28954411
28972232
28961517
28934400
28937321
28967882
28979576
28923720
28960602
28963090
28941350
28928678
28935032
28935296
28949037
28971069
28951269
28976159
28973427
28946542
28927098
28932798
28924396
28968572
28933283
28960091
28962620
28981207
28924850
28939946
28940427
28938980
28946410
28929086
28936988
28947874
28938787
28929153
28980188
28957934
28922643
28947632
28947308
28930026
28928265
28966832
28935780
28969457
28945471
28973698
28950759
28932210
28921653
28966654
28957042
28937917
28945202
28945834
28969754
28965724
28951966
28982360
28961674
28918947
28918605
28936239
28924740
28928219
28939929
28981097
28966484
28930051
28947643
28920471
28946254
28979658
28933686
28921745
28918359
28926578
28976346
28960163
28933113
28955166
28968509
28959342
28966124
28978341
28969614
28943338
28965791
28967464
28956474
28956601
28968608
28971722
28931473
28978403
28954655
28970911
28941985
28932258
28938860
28943498
28924907
28975748
28981910
28963463
28949131
28935092
28941251
28958808
28935479
28952040
28962465
28934378
28976000
28948469
28923996
28958568
28942993
28960884
28974853
28974245
28918896
28952845
28927071
28918014
28958142
28971682
28943849
28924166
28956516
28917546
28979938
28962184
28948029
28922090
28943701
28965347
28935058
28960444
28957402
28952287
28961476
28956547
28926585
28980948
28953785
28979315
28972558
28968136
28922204
28964092
28948799
28975813
28953483
28962816
28923201
28943578
28946776
28924438
28944460
28954966
28942492
28965181
28937765
28942813
28947438
28961933
28949782
28919975
28960117
28943053
28965392
28928728
28960469
28951911
28926965
28957997
28938023
28981535
28943435
28965018
28931411
28924161
28959516
28982205
28976647
28939933
28972691
28942741
28924805
28968705
28939200
28922133
28965755
28976433
28933342
28944704
28953365
28934207
28920248
28964982
28957309
28960892
28927918
28938823
28923534
28925431
28931591
28930690
28924020
28942825
28927720
28967888
28931543
28966426
28922790
28934214
28977775
28978103
28976693
28976899
28922922
28972826
28945252
28964420
28977414
28936613
28947215
28920768
28949154
28946067
28958752
28917334
28963060
28946823
28967395
28943953
28973893
28924129
28978961
28954541
28935999
28917628
28961347
28945441
28919027
28924077
28917447
28978531
28958182
28925937
28944534
28946855
28931142
28966133
28976201
28954398
28972436
28937207
28965031
28959377
28961792
28947928
28921901
28951148
28954101
28953638
28976887
28965814
28940558
28960658
28937953
28931443
28973559
28966922
28939419
28936151
28921298
28954038
28943616
28976594
28959049
28938009
28937357
28941268
28949523
28920790
28966988
28938334
28940581
28968867
28927665
28975434
28945633
28947991
28925915
28962989
28972848
28927371
28940384
28973293
28963761
28931458
28947262
28954030
28955394
28962020
28971924
28923753
28942123
28926643
28920191
28962204
28925737
28919767
28973654
28936568
28936799
28961370
28953559
28947986
28979027
28934416
28946622
28921001
28946710
28947087
28967747
28933960
28945609
28941368
28927242
28954184
28925690
28944312
28966157
28927674
28974647
28961531
28946268
28969757
28928205
28954790
28981851
28942115
28925048
28929848
28976595
28960130
28936369
28958832
28925158
28945297
28933589
28948478
28963746
28962032
28925283
28952726
28971087
28965168
28937162
28946911
28936109
28970531
28922081
28965745
28944462
28938622
28965083
28972634
28979643
28964797
28974930
28944216
28956164
28949394
28970983
28937311
28949997
28976122
28972648
28931668
28969989
28979046
28927457
28966696
28937819
28977956
28964238
28950594
28927048
28957664
28964800
28975514
28929808
28967330
28928757
28938079
28976113
28976721
28965892
28946275
28959351
28917813
28963059
28937430
28949859
28935075
28953864
28950495
28922967
28932306
28965536
28941594
28967250
28917639
28964005
28958168
28928391
28964841
28963347
28960862
28975250
28940219
28957559
28946433
28976358
28927313
28924139
28952241
28953657
28967803
28935933
28936056
28957132
28924219
28968002
28939591
28949222
28933193
28951243
28943926
28920130
28960865
28967307
28923051
28965843
28947448
28978491
28961008
28944906
28921451
28978267
28962997
28937744
28955406
28950442
28972891
28927404
28927143
28933717
28960338
28941376
28942158
28938240
28953562
28969687
28925817
28972939
28921676
28965291
28940877
28968621
28944289
28982348
28963886
28979825
28980660
28954497
28972728
28921546
28960320
28919174
28963845
28978633
28981859
28928417
28973162
28917707
28979725
28982183
28970855
28959698
28968505
28973081
28955948
28947101
28966225
28977079
28929251
28979479
28939029
28964475
28943392
28917419
28972802
28946853
28960648
28962956
28939357
28951938
28935940
28950949
28980459
28942715
28950732
28981973
28917941
28934973
28918444
28973013
28935019
28933429
28968416
28976163
28973412
28969921
28934112
28961943
28958683
28967246
28920531
28925831
28956283
28944043
28921331
28953026
28940320
28951505
28930503
28958801
28923386
28925068
28951923
28933310
28961600
28946508
28976342
28981072
28975801
28947352
28946334
28941952
28967388
28970761
28922255
28943317
28953828
28947751
28957030
28920002
28938144
28938048
28957810
28979405
28956596
28981110
28981746
28934691
28972516
28973569
28967930
28929039
28980927
28937465
28921712
28964050
28958589
28923698
28960750
28969700
28920849
28961136
28923866
28966750
28953411
28922602
28944934
28976687
28978354
28933769
28918639
28972880
28978808
28947786
28973493
28953390
28924621
28982136
28929230
28939824
28979471
28974234
28965769
28941370
28917336
28949443
28941794
28927066
28923283
28918347
28929654
28980760
28949266
28967444
28946320
28971824
28963224
28918146
28917141
28947960
28930771
28980397
28933276
28954627
28935277
28977579
28950466
28925723
28967320
28976411
28926131
28960329
28931915
28948593
28921834
28960678
28929813
28929481
28920608
28930874
28927823
28917143
28963781
28925973
28952194
28953437
28917913
28918666
28929562
28969436
28931963
28933515
28964393
28940029
28920221
28927575
28964973
28924908
28932694
28922954
28981752
28927270
28975789
28940078
28944853
28981450
28966674
28925525
28951031
28967515
28956073
28921810
28966348
28948222
28938899
28917226
28924002
28960058
28980199
28956768
28968740
28928760
28922011
28971662
28980317
28921905
28943176
28926447
28975959
28972006
28935966
28930938
28918796
28966319
28972704
28971031
28977384
28950398
28977482
28955985
28981684
28922275
28952877
28933628
28963425
28977507
28923049
28951462
28977561
28925713
28971257
28967787
28935843
28948347
28942527
28970971
28969359
28974849
28982429
28954333
28964960
28977819
28982884
28967920
28923943
28960548
28960567
28934073
28942036
28954761
28972179
28944274
28923022
28951497
28924749
28970344
28951433
28949446
28928208
28937432
28922383
28962497
28971670
28927516
28935233
28941061
28947826
28952439
28972877
28974953
28961733
28928737
28934454
28969641
28978955
28969401
28919629
28950263
28963647
28957079
28974225
28970549
28956923
28967690
28955731
28921864
28950934
28948538
28932066
28918980
28921721
28948112
28949799
28952273
28972437
28981517
28957601
28960683
28931204
28932605
28950117
28963769
28923957
28936752
28946036
28953521
28956250
28937571
28978409
28960597
28931908
28978573
28952713
28926493
28917574
28924990
28980774
28953753
28952430
28980726
28939660
28967360
28938535
28931186
28967358
28968024
28965524
28951686
28919626
28925128
28979880
28981701
28922065
28924023
28921860
28974990
28932874
28980425
28940344
28955095
28947549
28942485
28963069
28947650
28976734
28981396
28944936
28921321
28958790
28937939
28957990
28970915
28928682
28922913
28964147
28918761
28947567
28961285
28960160
28945675
28939015
28973392
28927935
28975337
28951196
28950201
28948851
28941012
28924257
28929851
28975712
28923433
28972544
28924217
28940549
28940610
28939639
28945069
28916941
28969612
28972713
28964255
28974847
28949244
28959661
28928131
28942164
28933072
28951230
28941359
28947993
28963546
28924014
28954680
28927101
28931167
28961441
28932837
28958491
28951417
28970625
28948136
28936389
28937232
28923199
28952342
28960869
28949671
28926028
28973504
28959028
28945212
28982589
28952834
28946011
28973753
28978030
28964231
28943331
28951377
28957611
28978576
28958155
28918850
28935995
28964085
28939715
28950506
28932842
28948068
28947098
28974813
28979707
28960135
28957740
28955086
28979382
28976118
28953463
28970925
28967740
28927681
28935249
28969958
28978626
28930941
28967147
28924764
28959607
28981226
28937992
28962569
28964577
28949048
28918762
28946028
28932505
28953023
28976929
28951925
28972051
28921449
28968703
28949911
28940245
28949818
28929362
28936464
28939766
28960730
28966073
28968825
28961404
28931893
28961087
28963777
28968522
28946124
28933759
28968222
28982002
28933145
28969366
28928963
28931968
28970389
28977950
28931213
28977647
28939002
28982210
28979346
28951076
28975226
28946024
28917582
28955973
28951717
28928026
28935390
28976846
28958230
28972945
28946709
28958176
28960523
28950310
28939183
28927176
28931484
28949620
28922740
28973385
28966836
28975854
28941117
28932588
28934245
28956309
28937156
28936846
28920879
28919969
28958716
28979219
28922277
28919864
28924033
28951460
28938149
28941175
28939218
28952065
28932869
28974139
28962551
28940607
28975210
28953035
28946107
28954936
28979789
28957901
28923364
28929681
28926338
28980455
28939890
28948446
28928957
28945768
28959248
28974817
28951238
28960806
28979810
28970963
28920808
28964940
28931316
28939645
28966451
28946720
28921550
28980743
28969985
28970423
28938186
28947721
28972257
28926364
28940167
28970867
28949495
28980379
28935404
28930747
28967936
28972805
28941987
28948661
28957398
28926628
28934410
28960209
28921869
28919067
28969895
28965720
28969398
28977583
28960274
28963223
28947845
28928101
28941457
28953212
28920486
28935237
28924938
28957785
28927054
28956545
28924001
28957782
28963661
28977546
28959504
28961490
28978363
28953942
28922420
28955696
28939008
28982797
28968773
28961637
28947579
28945716
28947062
28955200
28947113
28919297
28981111
28937747
28981389
28945008
28930412
28965105
28920825
28950986
28954944
28947717
28966472
28945475
28966626
28945197
28922221
28954928
28926394
28956007
28927680
28930898
28944071
28960472
28974551
28978928
28923748
28966106
28924783
28963257
28978316
28948582
28922305
28922871
28966229
28929160
28954003
28971613
28934052
28974585
28981890
28967916
28944912
28931966
28922518
28939028
28971622
28948923
28949773
28937077
28982062
28930712
28928676
28967353
28944031
28929981
28942251
28971669
28951111
28937326
28942521
28941992
28956103
28935395
28977049
28960402
28921836
28929297
28932709
28959013
28933716
28954236
28930940
28940064
28956301
28947752
28928086
28980234
28951745
28957609
28962847
28965522
28951296
28942403
28929706
28956032
28943327
28959426
28932228
28973633
28921479
28943539
28942883
28964610
28940705
28926595
28973019
28925797
28923925
28939735
28922093
28975239
28950460
28965558
28947601
28933269
28937140
28935366
28955763
28917840
28979758
28963531
28921663
28953203
28918685
28936378
28924180
28955436
28965644
28969295
28970960
28926509
28965274
28949023
28969755
28944558
28955255
28946023
28927908
28924421
28965321
28969899
28953715
28940913
28935708
28960779
28937656
28951410
28921853
28965780
28937766
28964440
28979442
28980334
28975950
28968450
28980124
28959946
28976217
28975831
28974004
28932523
28958197
28927452
28930924
28921661
28941496
28942556
28976675
28935221
28962053
28953866
28960016
28970319
28960929
28926080
28942220
28952128
28928784
28934415
28948509
28982357
28942460
28939720
28964761
28974359
28927722
28959638
28942542
28925020
28967055
28982685
28921837
28970896
28948938
28962347
28934890
28969851
28959273
28942462
28954937
28967063
28929033
28966923
28920354
28942229
28982181
28928970
28952551
28948100
28967191
28975848
28974599
28929377
28966115
28954958
28926148
28960739
28942974
28962906
28954773
28947470
28972665
28946140
28963485
28971146
28969869
28920641
28956531
28924900
28981538
28952956
28975190
28979688
28981430
28977019
28932185
28945943
28951804
28950144
28924948
28957469
28966310
28947000
28955430
28978526
28954510
28947679
28982516
28931643
28963453
28930832
28967127
28978639
28974155
28943297
28951555
28933782
28973465
28932165
28929665
28921290
28928254
28976781
28933098
28952062
28918809
28958133
28973546
28925318
28917962
28943588
28963392
28946235
28951888
28944387
28932127
28920762
28960133
28941461
28967887
28919526
28956286
28924687
28919598
28926596
28936947
28921200
28954193
28932375
28949327
28964054
28921908
28920425
28980925
28950653
28956685
28968242
28953738
28969126
28976880
28978895
28948053
28956621
28977253
28925077
28950716
28956287
28970752
28982101
28966855
28949568
28933406
28941589
28970652
28923533
28969804
28975429
28979577
28966850
28949600
28943818
28931400
28934172
28943554
28977380
28945392
28951728
28960299
28920341
28918139
28982648
28920050
28965115
28950860
28930086
28963770
28955799
28939066
28940058
28925343
28980453
28975047
28932182
28921065
28937516
28974202
28935181
28948685
28951181
28962578
28918974
28948303
28951687
28956115
28950275
28946285
28935951
28954437
28939093
28960586
28944501
28921983
28978592
28944831
28971438
28938098
28955292
28920676
28962771
28917579
28939266
28966046
28918674
28975864
28927052
28968414
28981670
28967363
28981322
28926387
28972290
28974387
28957114
28964830
28957007
28939101
28922120
28920631
28932752
28933605
28956224
28960591
28954026
28940120
28974439
28962509
28943977
28963086
28962245
28939118
28974391
28961539
28954637
28951323
28955458
28966028
28941002
28970936
28917795
28934916
28932589
28968737
28942304
28945699
28934459
28932142
28962795
28932693
28936438
28935512
28949175
28962903
28949876
28928387
28958342
28925608
28978237
28919021
28977425
28954021
28971582
28942025
28920963
28927308
28925741
28950359
28949618
28929796
28944260
28919002
28934830
28923067
28941667
28947090
28932437
28933080
28976279
28941698
28960549
28968674
28940304
28972226
28959252
28935726
28959867
28920295
28946215
28933676
28944848
28926979
28928355
28920315
28971418
28928240
28939348
28951203
28948829
28943076
28939857
28951461
28935354
28945521
28972550
28978090
28970007
28951693
28937995
28919916
28920148
28940612
28922403
28942846
28968462
28976129
28976336
28971812
28934301
28952518
28924556
28941661
28952280
28978230
28929689
28946568
28922101
28958323
28934897
28981402
28918562
28928949
28973356
28982393
28942410
28921160
28956140
28958874
28981740
28961549
28945157
28943613
28945968
28939945
28920775
28923855
28948162
28977400
28966297
28921433
28942759
28967965
28978727
28962411
28937825
28959552
28924432
28969350
28917677
28981635
28921285
28926743
28982960
28924414
28949310
28967927
28951046
28976323
28957501
28976716
28943425
28937968
28957775
28945268
28951943
28967354
28952188
28925966
28935068
28954941
28931270
28930760
28951915
28950567
28948583
28941861
28946303
28967400
28917301
28921046
28955210
28924826
28935989
28966449
28948064
28922631
28979575
28969203
28946297
28950216
28922713
28934506
28948146
28929247
28954503
28943275
28960752
28971997
28931274
28947676
28933835
28979243
28943925
28966128
28930272
28927321
28958422
28939966
28955675
28933781
28933263
28950852
28978073
28980799
28921492
28924213
28944592
28973425
28921103
28961329
28928059
28925336
28974086
28959185
28963644
28933475
28947858
28934518
28932466
28956813
28978888
28944070
28950523
28941714
28954096
28932193
28942911
28973475
28928646
28949848
28968034
28946365
28975329
28918672
28928312
28926549
28971736
28953348
28966334
28946368
28972217
28958688
28917347
28982684
28947306
28928138
28965434
28944164
28953081
28919913
28927851
28962550
28934823
28975907
28951248
28960792
28967159
28980069
28951616
28947511
28959605
28939445
28950935
28973791
28923540
28957867
28920190
28926724
28973922
28943452
28976953
28927344
28960977
28932899
28929162
28922658
28977994
28936738
28949475
28918693
28967521
28962249
28964363
28942125
28924702
28919734
28945857
28939594
28924042
28942497
28963369
28979314
28954534
28947028
28966772
28958398
28954004
28970242
28938533
28942536
28943740
28978589
28977251
28980695
28967003
28928723
28944400
28925342
28947487
28921352
28934612
28952791
28938514
28924867
28923669
28922366
28924496
28945611
28971152
28950345
28965999
28942126
28976409
28948255
28970667
28980559
28927529
28931753
28939474
28936165
28919393
28932515
28975399
28953352
28981158
28929951
28962587
28933954
28953769
28919076
28943965
28978057
28963997
28932137
28947210
28938117
28973321
28942120
28945331
28967500
28953515
28963317
28974926
28970161
28952573
28919434
28965477
28930446
28918690
28972043
28933666
28980631
28929115
28963897
28972430
28924961
28949191
28922649
28963109
28963664
28978068
28977284
28941434
28977733
28963131
28979899
28926129
28974781
28920045
28932916
28972107
28942625
28981196
28959965
28982380
28973977
28965143
28919045
28927552
28926270
28931220
28930440
28954199
28974348
28940742
28949318
28926734
28976004
28972587
28920613
28920485
28926696
28953098
28968873
28975653
28947181
28978067
28944573
28982084
28937417
28978288
28935405
28942388
28936124
28953290
28942852
28918101
28959732
28936543
28949632
28970655
28941728
28942515
28954719
28924015
28961086
28919452
28942560
28982386
28954231
28978291
28973816
28933575
28942370
28971147
28942332
28940376
28952893
28940649
28938614
28960628
28925698
28920931
28953911
28967239
28978425
28946363
28965738
28940062
28946079
28954599
28978448
28949588
28926572
28953311
28965727
28940277
28949452
28939740
28928764
28923903
28970863
28945595
28977754
28950850
28923685
28965624
28954301
28930963
28925335
28940118
28972340
28967322
28962353
28928836
28925787
28982242
28931686
28980020
28958924
28917912
28919197
28949713
28950271
28949243
28974394
28972295
28937410
28963816
28947089
28961149
28944293
28939831
28963361
28972378
28943706
28945749
28949352
28918830
28968688
28958698
28943602
28939652
28953192
28968344
28943386
28930524
28971557
28938935
28956511
28937900
28969795
28934568
28966702
28936562
28932352
28982776
28976651
28934924
28933942
28955710
28937395
28964651
28960754
28943626
28968746
28973181
28921367
28968285
28947640
28926923
28981124
28937337
28939095
28962902
28925462
28959849
28956294
28926709
28954260
28919058
28971962
28972838
28947449
28949333
28917305
28982132
28917102
28981886
28941440
28923510
28952571
28956507
28925694
28957961
28959499
28930386
28943990
28974062
28935261
28940168
28919141
28960934
28946432
28953385
28927609
28946818
28935822
28955445
28947692
28975902
28980928
28950856
28930615
28939830
28955392
28958051
28946160
28956253
28919484
28934538
28978882
28930614
28955718
28937013
28937246
28950286
28939108
28939869
28953363
28934642
28953111
28930432
28968569
28938150
28961627
28940063
28939235
28940595
28953811
28926908
28982452
28932366
28945141
28969707
28952771
28917216
28962271
28917088
28972019
28939979
28951061
28966999
28923569
28949565
28959095
28961902
28945773
28931408
28931406
28950424
28978154
28925365
28973261
28945326
28939930
28973219
28917593
28963064
28922104
28938695
28967840
28981639
28952996
28981836
28944127
28924572
28962298
28939849
28951677
28928652
28953393
28964554
28982697
28957251
28926942
28928345
28955409
28933009
28918002
28932305
28928024
28932186
28953718
28917759
28976008
28953889
28964661
28932632
28973671
28935040
28940891
28963513
28969928
28954037
28955476
28940449
28954378
28956261
28980759
28952926
28947946
28963632
28933432
28951342
28971317
28923828
28942576
28955762
28956186
28962758
28972962
28921696
28931212
28958378
28924045
28962489
28960180
28925176
28972298
28941323
28966904
28955851
28928825
28980529
28973659
28922197
28939762
28917108
28919647
28926698
28948639
28926820
28923418
28927848
28933430
28968946
28978807
28920293
28959810
28922365
28932350
28918489
28930573
28919089
28972893
28965442
28970207
28967649
28946039
28948000
28942929
28952395
28969698
28929575
28959652
28947140
28930060
28963858
28938834
28934848
28977655
28939862
28959323
28926781
28954176
28959602
28939011
28948006
28924909
28970673
28980628
28967782
28954874
28980126
28930937
28948037
28928317
28952295
28952294
28942697
28958899
28944616
28957875
28962279
28918486
28960846
28971781
28958950
28926235
28970433
28951070
28965808
28927008
28963879
28939289
28929267
28922442
28933367
28936572
28960302
28977861
28919242
28970413
28919796
28921343
28921852
28931512
28924891
28930980
28927750
28918665
28954339
28936329
28924069
28941611
28955928
28940036
28943868
28978332
28946103
28932898
28978910
28938765
28932931
28942423
28931813
28929891
28939395
28939578
28962854
28936166
28927909
28965758
28951469
28918977
28932541
28979706
28949687
28961334
28965888
28928774
28930301
28931707
28955427
28937828
28965957
28921791
28976995
28955215
28955224
28936159
28935913
28931261
28923075
28973027
28976019
28943103
28949353
28960000
28945375
28950549
28974342
28977292
28975586
28956237
28941835
28978328
28920242
28964868
28932472
28949837
28938678
28955263
28928712
28933462
28970672
28940283
28945421
28925399
28937897
28958119
28981970
28928294
28958333
28926978
28929438
28953071
28942586
28939147
28954853
28961685
28951084
28924221
28982958
28923794
28922232
28976515
28948087
28980164
28918609
28923787
28936435
28963255
28958091
28973543
28952056
28928846
28967502
28925473
28971570
28979921
28948279
28925338
28971065
28964810
28935857
28925163
28941620
28957027
28966030
28921315
28982870
28949341
28944966
28937664
28982121
28962514
28925435
28922690
28981514
28936274
28974850
28955981
28927165
28928032
28918051
28962002
28981050
28922014
28919931
28980039
28968216
28922499
28972157
28975304
28935618
28970808
28955732
28953628
28942053
28980300
28929004
28975090
28978827
28956158
28933941
28938041
28967056
28919277
28973152
28951496
28919989
28919710
28981530
28956623
28945673
28976733
28938589
28919726
28979511
28932875
28944938
28943268
28937426
28941812
28968284
28935397
28922546
28944045
28925571
28936078
28939853
28949117
28923205
28920880
28924892
28960298
28959939
28955418
28976785
28982890
28974078
28938638
28929483
28940190
28966601
28944738
28980070
28964636
28980969
28919923
28942486
28978096
28928884
28917875
28976640
28957325
28982328
28917420
28966382
28920599
28930769
28919321
28953272
28923621
28925642
28920382
28943441
28924529
28968975
28921719
28921923
28935530
28968836
28961785
28918863
28949907
28939886
28918416
28968786
28922161
28926269
28965478
28939761
28933155
28980377
28930375
28954886
28962306
28955719
28956801
28938872
28967999
28929886
28971020
28980849
28964110
28956811
28960254
28921754
28923733
28921797
28950747
28932606
28949335
28959992
28946151
28979514
28927359
28957709
28973785
28920852
28975069
28949831
28930448
28952910
28958416
28937174
28932667
28953565
28981878
28978087
28967422
28979191
28941018
28972657
28972249
28955487
28940087
28942940
28974535
28922489
28972380
28939852
28957828
28945244
28974929
28935497
28965629
28961374
28922370
28952682
28922069
28930259
28969220
28960508
28934377
28936763
28942961
28947998
28960343
28940336
28958424
28945458
28952456
28968961
28933715
28930309
28954280
28968129
28957240
28965912
28917465
28929274
28920080
28934805
28931867
28940819
28962583
28948382
28971235
28934331
28955285
28923491
28968924
28965656
28960094
28956110
28963944
28953423
28971534
28977117
28950261
28927879
28938868
28975474
28982543
28923040
28955898
28977164
28933490
28926411
28957833
28930526
28964669
28928039
28943362
28939569
28979441
28976762
28981300
28953770
28935700
28966003
28968165
28981532
28937830
28923399
28926011
28940700
28976325
28977496
28979929
28936455
28926106
28934766
28956665
28928707
28944512
28937578
28974889
28967468
28977924
28954240
28946007
28936497
28979976
28918539
28957003
28925743
28965678
28931040
28924286
28969207
28939672
28944666
28971091
28947607
28970961
28948876
28948655
28968811
28958399
28929338
28963105
28934195
28958611
28931582
28977618
28944048
28952166
28936883
28946371
28943347
28959133
28950561
28953642
28980684
28926171
28974294
28952265
28972624
28982756
28972224
28975108
28937558
28958033
28958043
28971137
28919979
28954948
28921078
28973302
28977674
28974960
28945920
28937314
28947255
28964185
28933214
28965215
28943656
28938215
28965740
28977983
28945590
28965229
28966629
28982510
28977557
28938466
28937682
28977629
28929649
28977029
28947710
28940017
28982203
28962100
28933454
28939405
28945660
28928808
28928431
28958406
28930402
28982882
28972618
28932853
28953760
28921457
28979228
28965795
28918810
28966935
28936341
28958872
28948710
28960855
28974464
28960307
28955120
28970042
28963913
28925550
28951756
28950128
28924604
28954103
28953027
28976227
28934797
28936260
28942743
28962423
28958879
28923096
28977989
28972948
28953875
28959306
28926377
28933450
28980616
28961203
28922412
28923253
28943140
28938815
28954923
28948546
28956790
28936220
28974877
28937991
28929586
28958679
28938152
28976823
28976304
28946784
28982213
28975181
28930640
28933791
28963387
28920449
28925188
28922195
28960485
28947726
28969775
28917520
28930017
28969568
28934371
28936586
28930093
28973200
28973902
28934477
28948333
28935017
28930434
28943034
28967565
28936587
28966560
28954129
28983000
28956086
28963383
28920499
28977000
28951204
28929351
28949025
28949173
28926271
28961714
28922147
28953610
28920073
28956662
28979793
28943993
28952359
28946804
28958392
28979102
28934086
28938415
28953479
28972831
28978968
28980745
28929403
28949416
28960204
28938179
28934383
28928044
28928193
28955680
28976538
28952837
28965298
28922743
28967559
28949846
28938943
28960012
28923690
28937740
28930555
28947622
28977747
28933560
28953823
28944881
28979384
28957202
28938855
28959197
28931279
28950647
28926763
28934681
28935984
28980016
28962148
28971322
28973428
28944017
28954109
28960171
28960002
28949594
28948687
28945218
28922179
28936635
28936445
28966450
28959361
28950985
28930571
28962233
28947895
28917436
28949042
28963684
28963550
28981310
28953754
28946204
28957378
28919927
28936273
28949547
28951175
28979204
28920135
28952598
28943654
28952611
28935486
28967094
28940445
28930125
28964181
28975012
28976949
28921617
28931449
28958889
28969112
28932435
28958576
28959906
28928356
28936584
28960122
28948444
28968244
28917968
28979447
28960226
28937774
28953512
28934519
28973310
28948406
28920179
28959901
28968927
28927185
28963547
28956977
28980294
28951419
28956567
28928167
28927363
28932766
28938901
28941458
28935783
28930693
28937969
28944675
28982925
28967231
28955591
28965722
28982957
28946332
28981498
28967107
28919507
28976439
28926449
28980361
28919169
28945267
28971211
28919682
28934808
28952268
28962238
28947125
28948751
28959085
28932762
28953967
28936390
28981879
28935970
28954111
28945995
28959035
28957647
28917708
28963830
28933711
28926879
28959868
28964883
28924025
28952022
28948472
28980178
28963219
28937449
28920214
28944703
28960479
28939422
28938292
28974382
28974034
28958257
28929867
28951336
28942853
28954688
28970615
28923613
28937727
28959834
28917700
28925729
28964784
28962966
28926789
28937170
28978796
28917457
28976844
28982587
28945940
28920434
28949022
28922198
28940582
28972724
28933775
28958215
28923796
28929170
28942584
28948989
28980826
28924114
28958755
28952427
28934677
28950458
28944339
28941604
28975120
28967831
28922453
28954261
28979363
28931649
28939114
28929549
28943579
28982478
28974924
28951240
28976465
28930978
28978604
28928861
28924600
28981743
28944523
28927056
28970151
28926393
28936874
28964545
28967898
28964631
28946561
28971751
28955979
28932844
28922606
28956804
28954924
28980270
28973388
28940148
28953088
28922050
28942968
28964615
28940415
28982623
28921950
28957693
28926607
28971199
28963528
28959659
28951242
28968533
28930002
28939402
28924607
28973394
28935076
28924074
28951200
28922431
28972923
28951231
28925015
28918535
28973461
28968940
28933536
28946412
28947605
28944826
28918618
28965685
28964414
28934714
28971339
28965141
28920800
28958945
28945419
28956043
28962097
28924957
28920241
28957411
28926975
28928456
28968288
28920894
28973370
28944306
28925234
28974584
28982199
28981096
28964256
28928180
28927137
28974107
28978414
28979713
28974456
28933945
28963843
28979124
28962971
28936702
28964733
28919970
28978587
28973087
28959789
28954155
28932322
28982631
28975685
28953216
28948368
28975406
28977578
28951329
28960415
28956384
28941426
28953436
28959048
28959314
28941804
28948955
28937977
28973294
28960925
28922981
28936016
28962545
28941630
28951488
28918684
28980611
28961631
28954466
28972058
28956866
28932170
28962628
28956518
28962985
28917890
28981934
28962155
28958026
28966508
28953265
28976925
28929805
28933525
28956504
28939321
28944911
28936675
28954781
28919405
28962476
28964730
28925285
28926209
28973270
28960561
28967344
28942193
28966986
28982537
28975503
28929120
28919439
28925600
28924754
28928280
28926472
28960551
28972247
28925152
28982744
28968227
28928184
28961430
28949800
28969345
28921642
28982410
28979817
28954997
28919737
28917860
28966499
28946771
28949701
28918553
28922208
28921120
28954974
28941226
28933262
28974716
28961080
28953227
28955093
28974179
28928627
28935598
28931567
28948500
28982106
28931898
28956332
28953602
28979252
28963132
28980047
28932226
28921750
28944761
28935347
28978304
28968120
28973037
28924827
28965284
28943019
28975567
28952195
28925008
28945652
28928077
28924822
28967686
28932911
28960668
28969014
28931217
28927330
28978999
28939711
28931557
28968229
28941455
28971224
28948587
28973963
28961604
28931844
28960945
28924329
28928266
28941239
28943556
28966562
28931930
28958786
28947870
28979648
28957911
28974603
28964820
28976960
28962033
28967842
28961383
28946895
28980812
28925910
28924127
28962156
28962867
28957187
28940414
28926682
28950049
28965844
28937221
28944094
28948228
28940960
28921442
28951294
28961675
28979695
28960184
28917828
28946627
28931818
28971923
28951239
28975280
28951826
28943474
28965787
28963643
28958258
28969238
28981912
28978543
28919855
28927035
28979807
28967170
28967172
28957505
28981266
28969243
28946838
28918033
28960610
28970721
28964618
28930322
28964683
28948823
28936962
28917411
28928746
28951628
28979318
28948464
28956944
28927964
28975218
28977034
28932269
28934983
28946739
28934022
28967647
28933018
28937652
28946798
28933042
28970557
28955659
28967646
28932471
28931810
28930757
28966546
28966234
28960431
28920766
28936482
28954257
28983001
28975905
28969859
28967692
28976610
28917740
28981032
28955084
28967881
28918092
28981492
28962308
28920942
28949888
28939298
28958630
28969748
28980853
28943754
28957013
28921946
28963776
28952619
28919363
28958580
28922599
28980452
28946536
28962633
28919822
28981149
28948562
28937012
28928535
28946299
28951368
28919860
28956570
28978419
28970593
28970670
28919915
28965305
28934560
28948193
28935782
28924975
28917773
28944849
28948767
28935460
28943724
28981437
28962123
28936814
28928362
28942016
28954341
28958961
28950750
28946810
28964001
28978983
28976180
28939978
28922094
28945487
28965054
28921555
28967454
28975925
28982637
28929278
28931184
28980868
28974353
28956637
28928165
28922274
28929939
28982424
28965820
28973870
28941087
28968114
28976413
28979075
28950660
28972836
28940079
28965288
28939325
28918802
28957476
28941912
28961650
28963468
28933521
28950242
28927747
28935192
28959898
28966606
28926420
28981761
28928601
28925472
