University
28912956
28914209
28916777
28916002
28913902
28913642
28911927
28911970
28914059
28914667
28915742
28915676
28911290
28915599
28912038
28913866
28914183
28911754
28914773
28915882
28913632
28915933
28914133
28915524
28916330
28911815
28914222
28915775
28916655
28911513
28913472
28915640
28913312
28913101
28911219
28912114
28912578
28910712
28912724
28911577
28912264
28911867
28910754
28916473
28915098
28916564
28916229
28916744
28912134
28916461
28913132
28911228
28911260
28916055
28912346
28914993
28910661
28916273
28914163
28910709
28916019
28914987
28913591
28912530
28912118
28914810
28910760
28911208
28912584
28914238
28911603
28912509
28911497
28915348
28913203
28911632
28910979
28914346
28911920
28914240
28914344
28910690
28910691
28916110
28910955
28912427
28914380
28915964
28913260
28912593
28913085
28910723
28916247
28913851
28915510
28916472
28912012
28912562
28913188
28912086
28911165
28910549
28914735
28912569
28912527
28910624
28916353
28911100
28914518
28912686
28915656
28911494
28910935
28912321
28913388
28912591
28912712
28913527
28915973
28916066
28916087
28912811
28915608
28915004
28913416
28915668
28913096
28910618
28916408
28913384
28915194
28911435
28914680
28916146
28911538
28915103
28912498
28913697
28916795
28913764
28910530
28915743
28912866
28915843
28911939
28916685
28916651
28915763
28913395
28910540
28910740
28912905
28912537
28911990
28914927
28915515
28911281
28916238
28912913
28910839
28912229
28916767
28912314
28911462
28910670
28912320
28911448
28911012
28911336
28916688
28915058
28915043
28912046
28910798
28912344
28910645
28914177
28912791
28912430
28911475
28916522
28915650
28910485
28916793
28916627
28916009
28912594
28915852
28916119
28913565
28911188
28912352
28912959
28915102
28913319
28916675
28912764
28915370
28912552
28912931
28914077
28916097
28916123
28915539
28915181
28916524
28916365
28913315
28914292
28911398
28912967
28913808
28913521
28910710
28915107
28910689
28915532
28912192
28916657
28910980
28912169
28912881
28911770
28912280
28913971
28912198
28915101
28915114
28911412
28914199
28916331
28913663
28912207
28914423
28913184
28916575
28910945
28913729
28912286
28910804
28916150
28916077
28912588
28915721
28912571
28913302
28910517
28910520
28915388
28911615
28910884
28912349
28913814
28911004
28911844
28915731
28914988
28916080
28915125
28912448
28916176
28914294
28914150
28916155
28913087
28912185
28913430
28910761
28912863
28915233
28915542
28916329
28913418
28913505
28912607
28915809
28913910
28911410
28913248
28915826
28914502
28912779
28912719
28914847
28912206
28911993
28910519
28913901
28910816
28913608
28915038
28913422
28913182
28915105
28911710
28911727
28915894
28915264
28913170
28910752
28911872
28915366
28914635
28915806
28913107
28911428
28914438
28914427
28913191
28914972
28914533
28914894
28911222
28911041
28910619
28916185
28916283
28913995
28911189
28913264
28916877
28916394
28915962
28911093
28914257
28911861
28915722
28911303
28914375
28912499
28914622
28910516
28911874
28916420
28912709
28915778
28914554
28915614
28915054
28912744
28913239
28916497
28915607
28916464
28914054
28916230
28912005
28913434
28914038
28916082
28911382
28912878
28916249
28914829
28913941
28914960
28911017
28910518
28915673
28911269
28915562
28916724
28911413
28912647
28913733
28911591
28911085
28911177
28912237
28913154
28911511
28915598
28914391
28913585
28911449
28913553
28914817
28915087
28913288
28916719
28912354
28910617
28916779
28916528
28916535
28913915
28913665
28913283
28913007
28916153
28914239
28916106
28913529
28915592
28914368
28915726
28912429
28915861
28912864
28910920
28913466
28912735
28913786
28912711
28911456
28914458
28914067
28916271
28911998
28914730
28913514
28914703
28912687
28914925
28913071
28911802
28916456
28911932
28914205
28916173
28914050
28913981
28911916
28911215
28910634
28916312
28914714
28912534
28916313
28916503
28915321
28914508
28913221
28915213
28914882
28910558
28916773
28915807
28913841
28911057
28912767
28913554
28911094
28914326
28915969
28913859
28912300
28916813
28912053
28914649
28913172
28916354
28912030
28915192
28915869
28912110
28915039
28911535
28914985
28910557
28914522
28911170
28914678
28914316
28912489
28915022
28914012
28915382
28913836
28914569
28911841
28912006
28910865
28915516
28910663
28913957
28912902
28913975
28916012
28916673
28914262
28914394
28914213
28914413
28916870
28912592
28915866
28915709
28912755
28914520
28913455
28913258
28913383
28916192
28913501
28913039
28914600
28912924
28914602
28913335
28910956
28916646
28915344
28913044
28912177
28916666
28912494
28911340
28913932
28912772
28914342
28910967
28915191
28915071
28911407
28915377
28912507
28915036
28915130
28912119
28912376
28912759
28912295
28912812
28911372
28912797
28915642
28916542
28913041
28915774
28912302
28913220
28915234
28916078
28911945
28911908
28912825
28914112
28912372
28915553
28916355
28911719
28911073
28913061
28913510
28911414
28912294
28914949
28915641
28916280
28911246
28915692
28916089
28914651
28913338
28916104
28914136
28912898
28913130
28911536
28915750
28915929
28914573
28912018
28913058
28913873
28913139
28912665
28912544
28914146
28916790
28912574
28910835
28915787
28912409
28911287
28911715
28914103
28911298
28915055
28912661
28911268
28915456
28913849
28915262
28910751
28914372
28911530
28914515
28912024
28913878
28912090
28916606
28915939
28915725
28913299
28915716
28911108
28912985
28911444
28915818
28912620
28916774
28914709
28915158
28914302
28912496
28916081
28913547
28913289
28912133
28912551
28915148
28910922
28913739
28915419
28915252
28914319
28913807
28914066
28915229
28915537
28915334
28914135
28914474
28911581
28915357
28911963
28915498
28914595
28915048
28911185
28913201
28914023
28914580
28913978
28912561
28913712
28912162
28912546
28913318
28913481
28914110
28913761
28911800
28911709
28910889
28911001
28914220
28910838
28911183
28911545
28916731
28913985
28913929
28914777
28913939
28912789
28910622
28916826
28914058
28912026
28915714
28912274
28915272
28915145
28914852
28914328
28913778
28911954
28916686
28913198
28911681
28913495
28912202
28911781
28911930
28915829
28912063
28910668
28915793
28916843
28910948
28913524
28914743
28912238
28916323
28913673
28910886
28913003
28916418
28911431
28916000
28916421
28915902
28912614
28911891
28915756
28911122
28916112
28915840
28913846
28915122
28911142
28912883
28911163
28913317
28913900
28913119
28911026
28916439
28914878
28910511
28914914
28912146
28913772
28911482
28916727
28912255
28913629
28912849
28912702
28914299
28914086
28915708
28913436
28915879
28912847
28916383
28916035
28914254
28910595
28913135
28911649
28911066
28911728
28910706
28913063
28910815
28911311
28913943
28915749
28914719
28914858
28914272
28914789
28913917
28914821
28910531
28913249
28915564
28916149
28913635
28912132
28914335
28913820
28914075
28913940
28910665
28911384
28912064
28911223
28914828
28916748
28915897
28912555
28916031
28914705
28914082
28916195
28911489
28915502
28913517
28912670
28915068
28912823
28912418
28916672
28911186
28916772
28913270
28910527
28915361
28914578
28914078
28914325
28913652
28915067
28915588
28913741
28915169
28916859
28911758
28914965
28913326
28916766
28911835
28915332
28915547
28910775
28913664
28911554
28916341
28911292
28915718
28910939
28911371
28913210
28912365
28913208
28911828
28912261
28916554
28914936
28914591
28914271
28916711
28914953
28914958
28916032
28911434
28912252
28914614
28916483
28910908
28913443
28916276
28913522
28912916
28913400
28911206
28916072
28916236
28912929
28915336
28914499
28915920
28915173
28915243
28916001
28912070
28914138
28914422
28912893
28916264
28910523
28915582
28912137
28911076
28912566
28914048
28915911
28913122
28914361
28911373
28910695
28914944
28912457
28916652
28912680
28915045
28913136
28912937
28915337
28913040
28913048
28914201
28913805
28914286
28911926
28911592
28912422
28916463
28916782
28915142
28911858
28914765
28914857
28913352
28916896
28914841
28915594
28916806
28913907
28911952
28915528
28913742
28913433
28911836
28915796
28910861
28915083
28912800
28914626
28914669
28911579
28915884
28912472
28914780
28913963
28914868
28911849
28911500
28913183
28914432
28916508
28915773
28914681
28911360
28916888
28914832
28914388
28911370
28915636
28915255
28916867
28913641
28914420
28913117
28913377
28912861
28913149
28916303
28910589
28913914
28915540
28910628
28911284
28912899
28912987
28910766
28914471
28916653
28910638
28913555
28915084
28914030
28916441
28916736
28914510
28912407
28913115
28914866
28912511
28916792
28913875
28910845
28912049
28910747
28916478
28911746
28916207
28911433
28913403
28913089
28912433
28914429
28911191
28915559
28912619
28914834
28912043
28916349
28915445
28910777
28912438
28916222
28913328
28916166
28913292
28915239
28910567
28916199
28913655
28914033
28911335
28910782
28910856
28910529
28911356
28916099
28911687
28916075
28912366
28910808
28914814
28914725
28914869
28912161
28914494
28915027
28911616
28910974
28912673
28911194
28916820
28911604
28915326
28912641
28915792
28910588
28916619
28914431
28913755
28910573
28913263
28913854
28916608
28911666
28913899
28912279
28910720
28911481
28912662
28913677
28910544
28913394
28916703
28913891
28914507
28911962
28911154
28913779
28911437
28916212
28913095
28911352
28916784
28916607
28915316
28915767
28912085
28914303
28911846
28914415
28915576
28913627
28915685
28916868
28914933
28912477
28913229
28911074
28911647
28913842
28911275
28913650
28912167
28913958
28911369
28913669
28912833
28915412
28914210
28915899
28916665
28915871
28910686
28910514
28916020
28911403
28914457
28913142
28911575
28916501
28912650
28912287
28912081
28916286
28913015
28910748
28912950
28911273
28912781
28913727
28910568
28910996
28911638
28914521
28911895
28912515
28915346
28913592
28914105
28910854
28912674
28911241
28912461
28911308
28912128
28916815
28914937
28911143
28913718
28912148
28916389
28911120
28914416
28916643
28916326
28915320
28916874
28911760
28912505
28912843
28915761
28911307
28913500
28915748
28914004
28913309
28911293
28911879
28913763
28911078
28914540
28914160
28912643
28914536
28913626
28912301
28913776
28911772
28914804
28911062
28911125
28911289
28915622
28913202
28913496
28912848
28916708
28912363
28915199
28910880
28913074
28910917
28914596
28911359
28910591
28913192
28915563
28911245
28911277
28911214
28914973
28914005
28912470
28911365
28914406
28913633
28914231
28915916
28910703
28913029
28912246
28913025
28916016
28910877
28916484
28915704
28914441
28915805
28914916
28915028
28911338
28912723
28911685
28913724
28916260
28911613
28915227
28915671
28913589
28910506
28910936
28912315
28915092
28911527
28916263
28913936
28912122
28914403
28910933
28913498
28912113
28912117
28915086
28915646
28912298
28912180
28916191
28914486
28911488
28912925
28911624
28910578
28913273
28911039
28915724
28911762
28915837
28915924
28910605
28913576
28913881
28914473
28912163
28916578
28916253
28911976
28914739
28916778
28911423
28911212
28915670
28912663
28913611
28911499
28916733
28911045
28914877
28912856
28915447
28915898
28910543
28913420
28911599
28912962
28911390
28915885
28914517
28914528
28914754
28912716
28913856
28914605
28911379
28916381
28916213
28912731
28912326
28916871
28915477
28911773
28913562
28914092
28915545
28910515
28912217
28912827
28912787
28912007
28914043
28910576
28916314
28916866
28912431
28915208
28914666
28911913
28916701
28911734
28912649
28915464
28910587
28914459
28910673
28915313
28914426
28915652
28915841
28911198
28916761
28913587
28913903
28913658
28911411
28912841
28914260
28912933
28913710
28913286
28911901
28911845
28911053
28916558
28916224
28915411
28911264
28913316
28915315
28911491
28913437
28916467
28915298
28912120
28914323
28910692
28910792
28915703
28911005
28913843
28913405
28913124
28912103
28912871
28915149
28913601
28913006
28913564
28916581
28912228
28914229
28916231
28914665
28914321
28912838
28912667
28912729
28914850
28916162
28913339
28912233
28913823
28910831
28915106
28912341
28910569
28915171
28914783
28911144
28915935
28913070
28912945
28916810
28916593
28913694
28916304
28913156
28916096
28913193
28911117
28915855
28915503
28913810
28913197
28915197
28915079
28911557
28911082
28916127
28911350
28911083
28911378
28912558
28913716
28914750
28915931
28916566
28912753
28915453
28914696
28911610
28916117
28916633
28913104
28916109
28912194
28915854
28913120
28910623
28913017
28912375
28911720
28914583
28916834
28916197
28916223
28916602
28915768
28915323
28912698
28913051
28915481
28916768
28913938
28911520
28913684
28911517
28916547
28911480
28912693
28911731
28911253
28916699
28913990
28911341
28911583
28910486
28913887
28912885
28913147
28912955
28911578
28911971
28915490
28912862
28911505
28911006
28914538
28916091
28915736
28911722
28910778
28912213
28912900
28914836
28915834
28916591
28916798
28913204
28910866
28911427
28913256
28913246
28913365
28912524
28910802
28915356
28914924
28912814
28916637
28912204
28915341
28911087
28914994
28912939
28910698
28915162
28915623
28911934
28916650
28912324
28912257
28912071
28915156
28915480
28915862
28911607
28916500
28916067
28914249
28914995
28911118
28911569
28915620
28916041
28913983
28912510
28911036
28914641
28913195
28916438
28915984
28910944
28912655
28915487
28914542
28915099
28915331
28911310
28911471
28911944
28912930
28911130
28910681
28911387
28911737
28916454
28912240
28915278
28911158
28912056
28912405
28915085
28916057
28912630
28914974
28912394
28914355
28915723
28911190
28910916
28915133
28911084
28914883
28915097
28915046
28911906
28915238
28916028
28911332
28913325
28914428
28911148
28910947
28916617
28910965
28914122
28913787
28915237
28910789
28911949
28916048
28911119
28912892
28912754
28911825
28916165
28914172
28911925
28915250
28912629
28915927
28914742
28911630
28912983
28911625
28914387
28911265
28916847
28914939
28915830
28916882
28914968
28911661
28912127
28915995
28911929
28914014
28916172
28913026
28916198
28916130
28916809
28915066
28913954
28914175
28912243
28910548
28911166
28915276
28914065
28914701
28913848
28915895
28914908
28914913
28914604
28915166
28912443
28915210
28915512
28916003
28913577
28910983
28914587
28912775
28915719
28915977
28915462
28916239
28914896
28914941
28911115
28911716
28916722
28915246
28913298
28914537
28915649
28912993
28916115
28914947
28913796
28911498
28915450
28912545
28910882
28913343
28916367
28911043
28915288
28914424
28913946
28913158
28913552
28915190
28911896
28910888
28911015
28910805
28914901
28915302
28916241
28915940
28914856
28914741
28915864
28916786
28916393
28916488
28911564
28916592
28911917
28913573
28914071
28913294
28914712
28913815
28915057
28915560
28914124
28913410
28912990
28911364
28915069
28911399
28911682
28910509
28911052
28915282
28912651
28914718
28916356
28911309
28915536
28912351
28914215
28916555
28912408
28912401
28911985
28915766
28916373
28913314
28912201
28913049
28916647
28912582
28912066
28912884
28912131
28916358
28911705
28911543
28910687
28912434
28912318
28912428
28912940
28913090
28916835
28914998
28913988
28913305
28913771
28910656
28912330
28914128
28913879
28916466
28914906
28912442
28910905
28916190
28915741
28911820
28913236
28916401
28914639
28916561
28912456
28915698
28911064
28910770
28915557
28913747
28912882
28915738
28916152
28912819
28914902
28914476
28914690
28916726
28916631
28912782
28910958
28913806
28912695
28913604
28915012
28910743
28914845
28916105
28915225
28916485
28910657
28913883
28913782
28912689
28913864
28910553
28915684
28911330
28910664
28912705
28912225
28911225
28915182
28914954
28916325
28913794
28913285
28915672
28914632
28916047
28911877
28912028
28913648
28911996
28911883
28911862
28913942
28913413
28911514
28913144
28913137
28915595
28911092
28916318
28914796
28911501
28916814
28911485
28912277
28915794
28911134
28916359
28916145
28911391
28913161
28916707
28911689
28912818
28915031
28914091
28916141
28916177
28911809
28915438
28915849
28913066
28911967
28914788
28914187
28914318
28916054
28911787
28914093
28916801
28912089
28914726
28916498
28914039
28912095
28913341
28916681
28910850
28913353
28915810
28913933
28916669
28910477
28913073
28913127
28914570
28913141
28913268
28912176
28914421
28914097
28910910
28911197
28911669
28911676
28915390
28913546
28911711
28911406
28913020
28916663
28915245
28915881
28915398
28914734
28911622
28913357
28912953
28916712
28912400
28915437
28915985
28911924
28916560
28914708
28911473
28915788
28914648
28913487
28910970
28911941
28913599
28911912
28913186
28911522
28912979
28911469
28910581
28913484
28912901
28914495
28916403
28911960
28914546
28911334
28912020
28910852
28914534
28916004
28915819
28912502
28914561
28911707
28911450
28914018
28913444
28912859
28915856
28914575
28913238
28912335
28915928
28916895
28914247
28915251
28912010
28910862
28911483
28911393
28911304
28913774
28911584
28912040
28912311
28911516
28912794
28916668
28911145
28913905
28915424
28912727
28910674
28911347
28914101
28913844
28912364
28912726
28913287
28916125
28915026
28916476
28911942
28913254
28911059
28915659
28912488
28914698
28913494
28914161
28914545
28912082
28914687
28913347
28911313
28914176
28916076
28916495
28911558
28915919
28916211
28914041
28912273
28910525
28911549
28914527
28916825
28915815
28913169
28914293
28914563
28911923
28910526
28911634
28914158
28910492
28910741
28915458
28910535
28913425
28913607
28912769
28916776
28914577
28912573
28916216
28912178
28910697
28914490
28913945
28916696
28911363
28912462
28914015
28914584
28913857
28911002
28910924
28911068
28913666
28913077
28914590
28915821
28915497
28910949
28912912
28912521
28916642
28913802
28913714
28915554
28913099
28915290
28913543
28910984
28914100
28913695
28915580
28914162
28910833
28911492
28911132
28910812
28910790
28916189
28910672
28912948
28912896
28915517
28912824
28912682
28914997
28915868
28915955
28911464
28912666
28916811
28910873
28913997
28915926
28913322
28914738
28910655
28914152
28916840
28915127
28914966
28915737
28916413
28914962
28915129
28916765
28911459
28912678
28913822
28914263
28913701
28913921
28916061
28911420
28910776
28912669
28916319
28916837
28916530
28912492
28910836
28912299
28914367
28913752
28912973
28916311
28915901
28910795
28915695
28913885
28915439
28911629
28915519
28914153
28911553
28911255
28914025
28916459
28914237
28914558
28910874
28912523
28915228
28913609
28911598
28915484
28915174
28914108
28911080
28912565
28915591
28912701
28910863
28916601
28915765
28916831
28916369
28916388
28910890
28913699
28911478
28910847
28916285
28914080
28916623
28916346
28912139
28912850
28916371
28911821
28913661
28912634
28912490
28914628
28914975
28916517
28915509
28910951
28915407
28912949
28915494
28911240
28911961
28916519
28913367
28912479
28914338
28913129
28915274
28916455
28910528
28911081
28916235
28912143
28914957
28912842
28914164
28916716
28914751
28914764
28912660
28913566
28913097
28911250
28914290
28912796
28914109
28911054
28913053
28916788
28916042
28915615
28914673
28914694
28911692
28910954
28911157
28914991
28914439
28915333
28916033
28912361
28914345
28915859
28910891
28912304
28910772
28911151
28912332
28914363
28912170
28915387
28915880
28914929
28911217
28915567
28912741
28911948
28914971
28910711
28915846
28913106
28911813
28913578
28915605
28915155
28915011
28910551
28915299
28914011
28913801
28914141
28915746
28910909
28912820
28911856
28913513
28913454
28915314
28916771
28912803
28912413
28915433
28913461
28915222
28914443
28911442
28912267
28913994
28913165
28916203
28914891
28916531
28915872
28911395
28916073
28916246
28910919
28914125
28915176
28913345
28910537
28913478
28914653
28912851
28911606
28910733
28911865
28911323
28911975
28915136
28915056
28912853
28911605
28913926
28915991
28916729
28914378
28913567
28915219
28916507
28912749
28911507
28912476
28915444
28914793
28915627
28915007
28911237
28915783
28914479
28914854
28911319
28914887
28914472
28915527
28911818
28911377
28914149
28914107
28914683
28912450
28914872
28913185
28916626
28912679
28916550
28916492
28914748
28913429
28911673
28910615
28916462
28913612
28916621
28911902
28912659
28911327
28911540
28910853
28914159
28911270
28913235
28915473
28912810
28911385
28915629
28911063
28915618
28916295
28915401
28913379
28911765
28914020
28915838
28910613
28915604
28912467
28914362
28910570
28911969
28911938
28915754
28913176
28913233
28914663
28914207
28911424
28913057
28912904
28915195
28914572
28913602
28912124
28913045
28911454
28910803
28914870
28914608
28912060
28911205
28912954
28910883
28912631
28911840
28911618
28914840
28912636
28915747
28916828
28912076
28911922
28910750
28916333
28911528
28912209
28915835
28911220
28914073
28912559
28913924
28915875
28910614
28914620
28913373
28915135
28911028
28912720
28914833
28912182
28912393
28910546
28916037
28916386
28915244
28916412
28915128
28916193
28915644
28912540
28915508
28915847
28914099
28913986
28913989
28911563
28910648
28913809
28911306
28911576
28916625
28914123
28911675
28916827
28913775
28916883
28915400
28913703
28914496
28912644
28913476
28916891
28913303
28913962
28912282
28916692
28914119
28913767
28913889
28912501
28914986
28911451
28912419
28912473
28911282
28911103
28915945
28910746
28914928
28914024
28913277
28915967
28912642
28913211
28912957
28915215
28912992
28911216
28912001
28913928
28912783
28915912
28912248
28915472
28916662
28911801
28914456
28915886
28916737
28912809
28911736
28914792
28915415
28915965
28914582
28912491
28911544
28912579
28913656
28914835
28912328
28914047
28911807
28916717
28910925
28916022
28913181
28912740
28911106
28916749
28915820
28916332
28912002
28910599
28910749
28911418
28911354
28915949
28911146
28913791
28916400
28914190
28913525
28914365
28911178
28914586
28912831
28913449
28916071
28913537
28911572
28915096
28913816
28915189
28914393
28916723
28911493
28911795
28913068
28916832
28913252
28914778
28911295
28912244
28914571
28911477
28915711
28913967
28915762
28915655
28916730
28910724
28916504
28915342
28911573
28911636
28915669
28915203
28916376
28913862
28914704
28912074
28914603
28912141
28914232
28916351
28914250
28912995
28911376
28913389
28911320
28911646
28915380
28910826
28911956
28910626
28911696
28911495
28916660
28915683
28915541
28913162
28916629
28915144
28911568
28914772
28913088
28910952
28910900
28916322
28914812
28911983
28916568
28915352
28913212
28911301
28911919
28912087
28916584
28911644
28915533
28915261
28916410
28911785
28913419
28914485
28914154
28915268
28910915
28915485
28915080
28915373
28912887
28913448
28916288
28914022
28913261
28914931
28912370
28912748
28912986
28912420
28913657
28912776
28910647
28911678
28916202
28915844
28915430
28912536
28913217
28912484
28914555
28914768
28914961
28916457
28916753
28912560
28915207
28912230
28915429
28913175
28916552
28914631
28914557
28915078
28912147
28913736
28913366
28912685
28911187
28911525
28916390
28914478
28913081
28913832
28915005
28912704
28916494
28916833
28912211
28911816
28912974
28913570
28910601
28911594
28916846
28910895
28914266
28915263
28912869
28913447
28910742
28910534
28913330
28913799
28912855
28916137
28911768
28912906
28913118
28916853
28915002
28913363
28912888
28910554
28911023
28914356
28915739
28914675
28911853
28916259
28912694
28912439
28916014
28911164
28914824
28914081
28916715
28912125
28913168
28914198
28912109
28912915
28914969
28914539
28916451
28915301
28911739
28915694
28913798
28916324
28915188
28913817
28914674
28912172
28910491
28915116
28913475
28911131
28911915
28910806
28910524
28914707
28912136
28916178
28912681
28912886
28913682
28910478
28916258
28914592
28911490
28915297
28912186
28911404
28915000
28916015
28912154
28916434
28914881
28911805
28911453
28913956
28910580
28914774
28911608
28915064
28914308
28912390
28914710
28914385
28914905
28911668
28915780
28914156
28912788
28910811
28915798
28910800
28911003
28911978
28913110
28910902
28911169
28913171
28913688
28914547
28910694
28912577
28913595
28911429
28914999
28912199
28912220
28912721
28915147
28911708
28910574
28915303
28911854
28911597
28913232
28911788
28912447
28912658
28914409
28913336
28911619
28910646
28912227
28913344
28916769
28910755
28915836
28912350
28914695
28915091
28912032
28913999
28914255
28914512
28913781
28910707
28915814
28916589
28911305
28914219
28914408
28914053
28913301
28915383
28911817
28911833
28913042
28916243
28916094
28912845
28912832
28915942
28916102
28914677
28911725
28913551
28914454
28914893
28911506
28914268
28913241
28914559
28910513
28910881
28916374
28916848
28916200
28911652
28910876
28913949
28913460
28914089
28914895
28910992
28911243
28916499
28914513
28913369
28916079
28910508
28912960
28913397
28916124
28911224
28913054
28916884
28915157
28910602
28914435
28913346
28915343
28916718
28911878
28914746
28912271
28913464
28915550
28913913
28913435
28914347
28915327
28911147
28915789
28913143
28911061
28911748
28913485
28912275
28915198
28914702
28915365
28914069
28912495
28913868
28912348
28911747
28916634
28912236
28913380
28913711
28911928
28912653
28911051
28915735
28915338
28916414
28913700
28915690
28912710
28910577
28915791
28912165
28913720
28910547
28914979
28913503
28916194
28914782
28914915
28912278
28910721
28913886
28913916
28914329
28912218
28911735
28911755
28916379
28913226
28914076
28912380
28910912
28916506
28912910
28910559
28916103
28915495
28916310
28913138
28913417
28910484
28913278
28911162
28912840
28910735
28915431
28913858
28913102
28910538
28912889
28912478
28913621
28916424
28913670
28910779
28914676
28914644
28912215
28915581
28916030
28916382
28911329
28913619
28913240
28913408
28912135
28912988
28913488
28911566
28911226
28916603
28916862
28915993
28911109
28914360
28910897
28915354
28912138
28911953
28910654
28913785
28912531
28910993
28911643
28910610
28913279
28912459
28912303
28914500
28911248
28914699
28915119
28912976
28913159
28915706
28914615
28914259
28910773
28913150
28912307
28914419
28916086
28916407
28916163
28913304
28916612
28912269
28912196
28916293
28914692
28915903
28915586
28912386
28911655
28912356
28911532
28913423
28915351
28913961
28912516
28913349
28915311
28915310
28913769
28914396
28911660
28911519
28916159
28913189
28916436
28910989
28913128
28912971
28911880
28910616
28915340
28914758
28914242
28916361
28914477
28912934
28910906
28916683
28912047
28916215
28913153
28910594
28915999
28913526
28910649
28912471
28912072
28912397
28915218
28914875
28915205
28910797
28914889
28912699
28912088
28912628
28915963
28913010
28915609
28915526
28912283
28915900
28915042
28914063
28915730
28912345
28913134
28914672
28911546
28910759
28913704
28911075
28911981
28910584
28912548
28911446
28913262
28913023
28913717
28914505
28913371
28915296
28914283
28915506
28912646
28911936
28911964
28915657
28916725
28912805
28914684
28911202
28913548
28911044
28915014
28913934
28914599
28915544
28910894
28915023
28913598
28916516
28912996
28916181
28914640
28912533
28915988
28912677
28914776
28915212
28914831
28911271
28911721
28910807
28914352
28911381
28911339
28910583
28912387
28911091
28915294
28915248
28912166
28915610
28915980
28912011
28910659
28915654
28914654
28914898
28911559
28912055
28913895
28913164
28916140
28915231
28916316
28911887
28910829
28914228
28911738
28916587
28913354
28910562
28916585
28916034
28911465
28912917
28914350
28912935
28916240
28911873
28912378
28910878
28916138
28913290
28911114
28913291
28911987
28910512
28910914
28913588
28912373
28914581
28910832
28913955
28911911
28914017
28914983
28916893
28916690
28912543
28915779
28915700
28914314
28915904
28914484
28914892
28916281
28911325
28913672
28915710
28912795
28912891
28912829
28913459
28911871
28914021
28915786
28911416
28916845
28913581
28915589
28911907
28913375
28911280
28914634
28916430
28912025
28910928
28913092
28914333
28910597
28915459
28914233
28912732
28911776
28912171
28915275
28912475
28915178
28911244
28916116
28915601
28915602
28910684
28912423
28915240
28911392
28911863
28914830
28911997
28911259
28910564
28914799
28914727
28915801
28915728
28913603
28914009
28912014
28913037
28913311
28915961
28910620
28915065
28916063
28916654
28912923
28915152
28910652
28913456
28915003
28914094
28913837
28910636
28912599
28916251
28913706
28913426
28912406
28916538
28914279
28914601
28911609
28910685
28911472
28913818
28912816
28911859
28914087
28911918
28911291
28911258
28912149
28912572
28912808
28914120
28914223
28913093
28915112
28915073
28912468
28915013
28915488
28911824
28916335
28916661
28911730
28913922
28916135
28914657
28913332
28911894
28916256
28914526
28914823
28914805
28916425
28910480
28912057
28915440
28915416
28916445
28913272
28912155
28913705
28914597
28913086
28911440
28916053
28914616
28911587
28915648
28915504
28916489
28916142
28913407
28911992
28914155
28912381
28916539
28916183
28912016
28914529
28916565
28914659
28912624
28915265
28915757
28912276
28910941
28913178
28915953
28911417
28914348
28912460
28910901
28915413
28913675
28913597
28913678
28914548
28915877
28914560
28915186
28913355
28911729
28911686
28911837
28914297
28914026
28913458
28912570
28913043
28911229
28911892
28913024
28913497
28910582
28916274
28915816
28914762
28913076
28915277
28914938
28910794
28913008
28913174
28916700
28914612
28912520
28910621
28914818
28915662
28916745
28912022
28910642
28914178
28911156
28913250
28914716
28913638
28915053
28911806
28913469
28911466
28914736
28912160
28912830
28915371
28915378
28910722
28916257
28915489
28913894
28914815
28914800
28916237
28912102
28910496
28911574
28911839
28913329
28914787
28915109
28916705
28914453
28912978
28913356
28915571
28915979
28913452
28916417
28916569
28913067
28913214
28910999
28912226
28916541
28914007
28913468
28913973
28915531
28913427
28913737
28910677
28910630
28915938
28913861
28911659
28914761
28912529
28913863
28911819
28916309
28911182
28916518
28911112
28911030
28914049
28911016
28911195
28912700
28910572
28911460
28910814
28916615
28911740
28910489
28914643
28915452
28913014
28915551
28911349
28916836
28913173
28916695
28912035
28913882
28916337
28911783
28913222
28913401
28915426
28915572
28916220
28910918
28914740
28913613
28914312
28914311
28913486
28916698
28913358
28915932
28916147
28915777
28912600
28910896
28915534
28911149
28913457
28912009
28910495
28915138
28913274
28915638
28911031
28914613
28911077
28914074
28911968
28916844
28914217
28913671
28913728
28916242
28911254
28915017
28914917
28914235
28912260
28915907
28914278
28914842
28915865
28913542
28915363
28916291
28914169
28910651
28914324
28912019
28914040
28910753
28912451
28913013
28912676
28911095
28911257
28910650
28911950
28912216
28912033
28912664
28914359
28916234
28912834
28911832
28916262
28912656
28912357
28912879
28911088
28914008
28912004
28913693
28916098
28912798
28911042
28912249
28914589
28912688
28916268
28911663
28910913
28910716
28914934
28911160
28914044
28916471
28914227
28912091
28916738
28914462
28911510
28911955
28915020
28914935
28913516
28916317
28915061
28913512
28914996
28916797
28913179
28910893
28910715
28913194
28911013
28914384
28916670
28910822
28915024
28915585
28915850
28915491
28916289
28915583
28911342
28912640
28914535
28915696
28916864
28913390
28913909
28912668
28916219
28915432
28910953
28911227
28913515
28914851
28916024
28915281
28916687
28916279
28911834
28910813
28914106
28914131
28915584
28915785
28911096
28916261
28916839
28912208
28912981
28914838
28913746
28916226
28910635
28912589
28913009
28912288
28915319
28910986
28913923
28916762
28916227
28913078
28911116
28915795
28911221
28915906
28915521
28916648
28914551
28912353
28915878
28911593
28911695
28916402
28915029
28914282
28911639
28913758
28914098
28910758
28915543
28913628
28914444
28911889
28912964
28916038
28915842
28914728
28915270
28912481
28913953
28911885
28911276
28912928
28912395
28913634
28912984
28912770
28914760
28914532
28911038
28914343
28914174
28913492
28914061
28914790
28911994
28912187
28914241
28914306
28916493
28916682
28916372
28910497
28914003
28914224
28912763
28911199
28915474
28912692
28914129
28915546
28910714
28911714
28914863
28914309
28913123
28916437
28911009
28914166
28914492
28914888
28913904
28910976
28914425
28915295
28910943
28911502
28912313
28913559
28914273
28912519
28911921
28914744
28913872
28916029
28910600
28915271
28915425
28914919
28910541
28912718
28914079
28912525
28912329
28914143
28913528
28915909
28916470
28911843
28910791
28912961
28910585
28915482
28915226
28914130
28911458
28913079
28913639
28910717
28912077
28915330
28915414
28911299
28913908
28916596
28912846
28911700
28913237
28916808
28914733
28916850
28911703
28913140
28916880
28912036
28911196
28910658
28912966
28911316
28912725
28911487
28914016
28913852
28910998
28910688
28913441
28916409
28915118
28914203
28915224
28913569
28914002
28912617
28911441
28913282
28915771
28913614
28910809
28911007
28916754
28914943
28915976
28914353
28911426
28916327
28912224
28916841
28914437
28912844
28915957
28916743
28916158
28915187
28912045
28912806
28911822
28916523
28911127
28914035
28915803
28910765
28911443
28911640
28911684
28913438
28911167
28910990
28910767
28912532
28911402
28914042
28913768
28915478
28914295
28914482
28912480
28916546
28915713
28913431
28910796
28915345
28916296
28916064
28911957
28912608
28913275
28916709
28916551
28916785
28914691
28914400
28915745
28915896
28912865
28914625
28916610
28915385
28912414
28912151
28911034
28913337
28916448
28914411
28910629
28912952
28914377
28915960
28911438
28915624
28912706
28914095
28915996
28915776
28911888
28915951
28915285
28916118
28916598
28916860
28912188
28913919
28914371
28916605
28914715
28913313
28911213
28915423
28915873
28910801
28912144
28911374
28916378
28915033
28914731
28914019
28913243
28916513
28916275
28911358
28916254
28913177
28912065
28915664
28912880
28915808
28916486
28912371
28915469
28913370
28916574
28911848
28916479
28910821
28911893
28913770
28913829
28914757
28914688
28914801
28915693
28916051
28910727
28915140
28912897
28915913
28914956
28911749
28915428
28912487
28915307
28913350
28913965
28912596
28913979
28916805
28916746
28916083
28912975
28911582
28915016
28913471
28910885
28910946
28916320
28915025
28912911
28913480
28915530
28916045
28916641
28916885
28916604
28914524
28912982
28916618
28916691
28913012
28912936
28911732
28911247
28911561
28911694
28910820
28910593
28910781
28910923
28911775
28916059
28913385
28915643
28915501
28916136
28910713
28916101
28916794
28910545
28915335
28913707
28911562
28913708
28911099
28916802
28916741
28916481
28914072
28916697
28912245
28914861
28914433
28912747
28914781
28913269
28912444
28914585
28914501
28913966
28914950
28916228
28911331
28912129
28915395
28916315
28911982
28912100
28914516
28911688
28910827
28912482
28913064
28914900
28914221
28913579
28916336
28913624
28914218
28914440
28913224
28911200
28913715
28912587
28911209
28910988
28915922
28914397
28915441
28916886
28914083
28913722
28914530
28912760
28916040
28912541
28916474
28915734
28916674
28912870
28914315
28914140
28912580
28911457
28912616
28913892
28915421
28915359
28914304
28916294
28911286
28912140
28915117
28913533
28916649
28914650
28914946
28911174
28916796
28910981
28910737
28915312
28916175
28913470
28912052
28915196
28915077
28916756
28916656
28916573
28912958
28916300
28915717
28915165
28911626
28914827
28914976
28913398
28915549
28911875
28914147
28916122
28911784
28910639
28915350
28910846
28911033
28913556
28914281
28910769
28910701
28914088
28914243
28914349
28916111
28910693
28910566
28911671
28912972
28914909
28913493
28913376
28914732
28910501
28912807
28912126
28916334
28916074
28912918
28911249
28913163
28913969
28914230
28912922
28915621
28910764
28914871
28915287
28915410
28916679
28915475
28916521
28916131
28913687
28913453
28914556
28914412
28915990
28913744
28911552
28915678
28915108
28915353
28913242
28911452
28913477
28915449
28911509
28916282
28915691
28910679
28910586
28916548
28915619
28911679
28915035
28913828
28911317
28910708
28912104
28915032
28911780
28911455
28916363
28912946
28915095
28916352
28914214
28915209
28912815
28914865
28910718
28914769
28916395
28912256
28914981
28912069
28914434
28910532
28913069
28911345
28916058
28911230
28914192
28915781
28913116
28910903
28915409
28911914
28912440
28914270
28914200
28912041
28911830
28913362
28910704
28914630
28912073
28916684
28910738
28915465
28913630
28913690
28914717
28914498
28914366
28914252
28912514
28916426
28916182
28914114
28916084
28916151
28912116
28913255
28916543
28914225
28911296
28915442
28913031
28915617
28913616
28910607
28910555
28916348
28914549
28911324
28910550
28910869
28910676
28912909
28912402
28916340
28913723
28912142
28912156
28912977
28911529
28910631
28913022
28916114
28913918
28911759
28916693
28911140
28912739
28911756
28913662
28916170
28915150
28916010
28912310
28916496
28914193
28916764
28912994
28912927
28911750
28912232
28911318
28911524
28916763
28913584
28915845
28913507
28911014
28910825
28911959
28914904
28910843
28914369
28913402
28912145
28915471
28911333
28911717
28914468
28911741
28913571
28913719
28913530
28916154
28915389
28911484
28914523
28914264
28916622
28913947
28910937
28912675
28911965
28913297
28914351
28915041
28913080
28911876
28915120
28913558
28916248
28912828
28913880
28911585
28915328
28913583
28910705
28911653
28912547
28912068
28915463
28912597
28916534
28915612
28912500
28913244
28910669
28911526
28910680
28915941
28916465
28912969
28911463
28910784
28914990
28913732
28913103
28914191
28913646
28911366
28912576
28912968
28913937
28912605
28915740
28914802
28911864
28914357
28911011
28916760
28911361
28915520
28914113
28914874
28914920
28910818
28916490
28915987
28916502
28915018
28916343
28910940
28916144
28915137
28911024
28914395
28916887
28915247
28914721
28914466
28910857
28913773
28916599
28916007
28911580
28916812
28914978
28912621
28914115
28916422
28915525
28913382
28912347
28913050
28914860
28916070
28912193
28912453
28914256
28914167
28911752
28913830
28916770
28914202
28916391
28915249
28912190
28913393
28913893
28912690
28915751
28916069
28916366
28914544
28915185
28911974
28913757
28911766
28914461
28912860
28913575
28915258
28914337
28915970
28910982
28910637
28914543
28910499
28913874
28912626
28915179
28912762
28915997
28911706
28911508
28911733
28910994
28911283
28915513
28915887
28913465
28916265
28916245
28915727
28915578
28911079
28911107
28915404
28913001
28914211
28911690
28915653
28913446
28915384
28914334
28912358
28916444
28913296
28915460
28910995
28911447
28913984
28911935
28916807
28915857
28911238
28911792
28912289
28912857
28914873
28912203
28912452
28910898
28912609
28914452
28910503
28913544
28911852
28913411
28912385
28911421
28912050
28911890
28914055
28915593
28915635
28916108
28914373
28910561
28914794
28913146
28914062
28914010
28916233
28911297
28912938
28915468
28914753
28916577
28916404
28910911
28913539
28913622
28915828
28915959
28914006
28913654
28912291
28915325
28912717
28915705
28913620
28913157
28913834
28915180
28911620
28912874
28916156
28911262
28915500
28914127
28915177
28914697
28915538
28913574
28914890
28913016
28912872
28913702
28914173
28911789
28913421
28912683
28915204
28916415
28912111
28916039
28913391
28916132
28913404
28916544
28912123
28910719
28916865
28916277
28912210
28912458
28915603
28915914
28915324
28913267
28911933
28910678
28911302
28911642
28911827
28916614
28911503
28916305
28912757
28912602
28911667
28913491
28915115
28914027
28914982
28911641
28915505
28912115
28914767
28912235
28913549
28911048
28914480
28910972
28915360
28914807
28911071
28910667
28916290
28912804
28914541
28914912
28912598
28915523
28910860
28910609
28915368
28912622
28916299
28913399
28913970
28910565
28914436
28911267
28914749
28911751
28914463
28914181
28915552
28916085
28913392
28915214
28914274
28915688
28914791
28911058
28914060
28910640
28915994
28915374
28910932
28911362
28911152
28912563
28915476
28915764
28913167
28912189
28915139
28913474
28915992
28911533
28913847
28916435
28912737
28912121
28911179
28915121
28912039
28914287
28915304
28911019
28915446
28911173
28911175
28914756
28915486
28913187
28912377
28910926
28915978
28913011
28913205
28913824
28913320
28912184
28916713
28912672
28911235
28910870
28915082
28915892
28911159
28913792
28914627
28915982
28912941
28916342
28914258
28912426
28910892
28912601
28910799
28915093
28916062
28912522
28913368
28912223
28911651
28914157
28913920
28914553
28911242
28914722
28914317
28916270
28911531
28916580
28915511
28913803
28912293
28916321
28916529
28916645
28916894
28915891
28914923
28911999
28916706
28913351
28916849
28915279
28912627
28910934
28912061
28916791
28914029
28913406
28912657
28916093
28916624
28913216
28916406
28915770
28910675
28910726
28914464
28913209
28911850
28914386
28911104
28915253
28915376
28914139
28913623
28910957
28911070
28911139
28915666
28914816
28915386
28911029
28913396
28912654
28916515
28910921
28913293
28912051
28910819
28912671
28914959
28912027
28910828
28911266
28912466
28915257
28912031
28913414
28911595
28910603
28913131
28911389
28913649
28913561
28913762
28914897
28914611
28913502
28916559
28914682
28916644
28912042
28914689
28912714
28911774
28912837
28911105
28911897
28915568
28911098
28913610
28915309
28915254
28915126
28916875
28914389
28911430
28916477
28912632
28910729
28912792
28916301
28910968
28915483
28916026
28911086
28916025
28913412
28912389
28912382
28913877
28913853
28915759
28915518
28911633
28914846
28910682
28911049
28912486
28910493
28914134
28916852
28916447
28910596
28915889
28911868
28912728
28914331
28914339
28911744
28911931
28910840
28915184
28912449
28910817
28913643
28913323
28911548
28915019
28915645
28911322
28915937
28911367
28916088
28911439
28913509
28911596
28912512
28913331
28914853
28914269
28914446
28913826
28916126
28912152
28911691
28912697
28914647
28910904
28912368
28915217
28916180
28914185
28915167
28910997
28915364
28916208
28911627
28912633
28912603
28912618
28912508
28916819
28913811
28911672
28912247
28910725
28915917
28916090
28916632
28912317
28911698
28912535
28916816
28910793
28911764
28913964
28916475
28910975
28914955
28913800
28912483
28914679
28916751
28911635
28915910
28911252
28915211
28912758
28913976
28912048
28915193
28912907
28914713
28915153
28915930
28914253
28914226
28915427
28911097
28911090
28914566
28916597
28915021
28913698
28916387
28915131
28911782
28912338
28916044
28915918
28912445
28915981
28914195
28913489
28911567
28912738
28916221
28914430
28913155
28911067
28911565
28911628
28915094
28911966
28914171
28913340
28915183
28913105
28912191
28912437
28910653
28911153
28913550
28914300
28910977
28911842
28911665
28912703
28911860
28911150
28915347
28914504
28913950
28912493
28913483
28915451
28913777
28913780
28915052
28910552
28910510
28911161
28911995
28915874
28914465
28913253
28912920
28916100
28915522
28916671
28914034
28912854
28911790
28912262
28915455
28911218
28911855
28913689
28914056
28912098
28912765
28913055
28914723
28914418
28914277
28911388
28913125
28915235
28916889
28916450
28912214
28915817
28915784
28911674
28914116
28912989
28912858
28912836
28912219
28911940
28915008
28915293
28915479
28913683
28911869
28914196
28914668
28911697
28914046
28916452
28914989
28914984
28913230
28915699
28911909
28912417
28913760
28915060
28913324
28910841
28910504
28911233
28915733
28911192
28915062
28916398
28916570
28913998
28911046
28913952
28916427
28915983
28914618
28912615
28912000
28914747
28910842
28913033
28911662
28912340
28914144
28911958
28914784
28913888
28914686
28913982
28914763
28916446
28913511
28913745
28913047
28912398
28913251
28910490
28912359
28911951
28915241
28916423
28911168
28914980
28911866
28915679
28913062
28915632
28912947
28914036
28914358
28911791
28911947
28916838
28915813
28913833
28914170
28915392
28915701
28912239
28912416
28912652
28914405
28910683
28913867
28915168
28915396
28916540
28913276
28916128
28913743
28915686
28912343
28914000
28915802
28912079
28910961
28913713
28914336
28914795
28916225
28912107
28914700
28915391
28911203
28916556
28912637
28911236
28915322
28916120
28915707
28912173
28914410
28913730
28916863
28911343
28913100
28912075
28915266
28914085
28916821
28915111
28915752
28915448
28912158
28913696
28913151
28915202
28910671
28911977
28915888
28915956
28915529
28915403
28912174
28916553
28912932
28915405
28911138
28913519
28915626
28915972
28913121
28911193
28912539
28916856
28913996
28914390
28915300
28912312
28911351
28913215
28911201
28915611
28913756
28912327
28916419
28916752
28913490
28911474
28914771
28911468
28912403
28914285
28914070
28914398
28915812
28912826
28916732
28912029
28913531
28911383
28911742
28910830
28911537
28912404
28914918
28916789
28914655
28915070
28915858
28916759
28915001
28916582
28912058
28914148
28910575
28915418
28911946
28915134
28913563
28913523
28912003
28910864
28912383
28912017
28916824
28912944
28914720
28912241
28914907
28910702
28914376
28911129
28913593
28916579
28910837
28913766
28915393
28911614
28911657
28914449
28914752
28915280
28912550
28913731
28915273
28914182
28915600
28914197
28912734
28914301
28914619
28911137
28915339
28915702
28913310
28911111
28914188
28916347
28912281
28911211
28914685
28912021
28913869
28912464
28915674
28913935
28913306
28913378
28916186
28912242
28916512
28912557
28913540
28913295
28915577
28911550
28913685
28913659
28916148
28912835
28913532
28915381
28916740
28911123
28916157
28916878
28911726
28916050
28915256
28915175
28911040
28913541
28911826
28913265
28912197
28913479
28916302
28912790
28916344
28914977
28912164
28912179
28914481
28914797
28913300
28912784
28911886
28910662
28915915
28913342
28912766
28912336
28912268
28912112
28914617
28911133
28911397
28915925
28914001
28913819
28916799
28916232
28910929
28913827
28910556
28915367
28911470
28912221
28915966
28914766
28911984
28916164
28914922
28912684
28915797
28915037
28912396
28910498
28913640
28913440
28913052
28912980
28914497
28912568
28916563
28912258
28910960
28913225
28913825
28912542
28916511
28911823
28916714
28914711
28913606
28913072
28913218
28912612
28916818
28916804
28915075
28911701
28915406
28913898
28911008
28914379
28916440
28910762
28910872
28914447
28913594
28916509
28914118
28911285
28911683
28915143
28914402
28913075
28912518
28913709
28914204
28913738
28916510
28915616
28916879
28916600
28911943
28913645
28915164
28913797
28911631
28916549
28910964
28911155
28911184
28912921
28916639
28915291
28913804
28916742
28916133
28910479
28914656
28915590
28912778
28912606
28913726
28912801
28914084
28912323
28912266
28912105
28914992
28911375
28912384
28915824
28911251
28916161
28916308
28915574
28912153
28911018
28912528
28911355
28916205
28914819
28910482
28915851
28912773
28910633
28912234
28915159
28911713
28912943
28910521
28915625
28912465
28914364
28916817
28911027
28916678
28914455
28910938
28915399
28911648
28916338
28912265
28910571
28913860
28911654
28915729
28916385
28914064
28912374
28915630
28914940
28911798
28910625
28914822
28916380
28914706
28914296
28910849
28914624
28911704
28912497
28914623
28912441
28914911
28912997
28914470
28914032
28911181
28914565
28914475
28915009
28911989
28913653
28912106
28910768
28913145
28912008
28916036
28913735
28916171
28916046
28914952
28914567
28912965
28911539
28916443
28913126
28914291
28915647
28912097
28912517
28913334
28913190
28911415
28911328
28911486
28913906
28910734
28911988
28916734
28914855
28916209
28912751
28914808
28912998
28916855
28913000
28916345
28915934
28911899
28915402
28911518
28912549
28914652
28913751
28912526
28914837
28915499
28911035
28914671
28910494
28910736
28914370
28915596
28911232
28915712
28914488
28915986
28914246
28916250
28916269
28914811
28910483
28913871
28916362
28912903
28913930
28915876
28911357
28912424
28913463
28914184
28914374
28914859
28914948
28915936
28913160
28911368
28913759
28910500
28915223
28911380
28911020
28914401
28910739
28915565
28915908
28910867
28914341
28911723
28915720
28913245
28911881
28912388
28911261
28911857
28913631
28914057
28914031
28911829
28916396
28912034
28913056
28914607
28911617
28912432
28916468
28913545
28914111
28915948
28913890
28911348
28912586
28914151
28914562
28914117
28913845
28913152
28911779
28915832
28912297
28913247
28916201
28915146
28915010
28912708
28912822
28912369
28913951
28913228
28915839
28916735
28914899
28912610
28915454
28910560
28913227
28916728
28913911
28913637
28916630
28913897
28914276
28911515
28913504
28914806
28915044
28912360
28912306
28910871
28912325
28916830
28910606
28915236
28913582
28914798
28914963
28913725
28913018
28910824
28913005
28916857
28911101
28912991
28913196
28915507
28912623
28911838
28912926
28912367
28912474
28912410
28916129
28913618
28912337
28911121
28916428
28913754
28913333
28916068
28914664
28911102
28915663
28913348
28913112
28911136
28913876
28916720
28911623
28916881
28910757
28911541
28910643
28911321
28911611
28914236
28913234
28914770
28915200
28911021
28914660
28912455
28910590
28910522
28916298
28916861
28912715
28916252
28911394
28915088
28915697
28916432
28912722
28915369
28915172
28910731
28914849
28913636
28914645
28911693
28916218
28912761
28912463
28915732
28915833
28913750
28913113
28912485
28913586
28916689
28912645
28915435
28911601
28910592
28913765
28912774
28915267
28916710
28916783
28915667
28914068
28914609
28916460
28915573
28913884
28915514
28912802
28914511
28912595
28912503
28914340
28911326
28916384
28914487
28913038
28914525
28911804
28912875
28913259
28916018
28915289
28912895
28911900
28915952
28911346
28915682
28915758
28913327
28910991
28911069
28911504
28916060
28911288
28916854
28915863
28910700
28914483
28914442
28914045
28916659
28912250
28916562
28916297
28910481
28915349
28916572
28914724
28910962
28913580
28913445
28915422
28916049
28910930
28915561
28912067
28916823
28911847
28914037
28912793
28915420
28912785
28915292
28911337
28911512
28911831
28911972
28911113
28915753
28915665
28910855
28914848
28915154
28915579
28915443
28916620
28915971
28914661
28911279
28914212
28915958
28912613
28911060
28912730
28915823
28914825
28915059
28912263
28911761
28911312
28910942
28916739
28916143
28915811
28915769
28916204
28911621
28913432
28910785
28912942
28912399
28914132
28912392
28911409
28916043
28914550
28915744
28916676
28916594
28915284
28916571
28914248
28916442
28913870
28911025
28910641
28911777
28916360
28915883
28911176
28913617
28913972
28913036
28915260
28913572
28910859
28915831
28915661
28913467
28910728
28911072
28913850
28916065
28911542
28915434
28913060
28915772
28915947
28916011
28913019
28915954
28915375
28916092
28913680
28914179
28912852
28912205
28910745
28910987
28916822
28915379
28913896
28914382
28916557
28911937
28913674
28913835
28912691
28915681
28910774
28914633
28916757
28911386
28910536
28911910
28915397
28911588
28914621
28913813
28911405
28916377
28913307
28911263
28912817
28914646
28915074
28912867
28910786
28914096
28916357
28912743
28914267
28913596
28915089
28914642
28914964
28911769
28915232
28910533
28913361
28914552
28916431
28912446
28915760
28914930
28916134
28916525
28916368
28914445
28912604
28915220
28915637
28915555
28916616
28915461
28913518
28913028
28913974
28912037
28911294
28913925
28912183
28914310
28913442
28913821
28916113
28914638
28913667
28915606
28915822
28914052
28911256
28914813
28915989
28910887
28912412
28916702
28914305
28912951
28914951
28912746
28911767
28915076
28911467
28913409
28911905
28916056
28916890
28913451
28912425
28913721
28915677
28916664
28914332
28911547
28916694
28916869
28915689
28911408
28912894
28916008
28914629
28911986
28915436
28914574
28916677
28914886
28913111
28914745
28911590
28916174
28914579
28911778
28913360
28910931
28914610
28916375
28916328
28915015
28913753
28911757
28913855
28915675
28915006
28910699
28915408
28910604
28912780
28915394
28916680
28914864
28916306
28916027
28911797
28913499
28910834
28912919
28910963
28914013
28914392
28911314
28911521
28911556
28911898
28913840
28916160
28916667
28916179
28914298
28912200
28916244
28916755
28912469
28915660
28916411
28912963
28916635
28913002
28913977
28916750
28916006
28913788
28912821
28915639
28915631
28915848
28911702
28915548
28915535
28913280
28916545
28912696
28913231
28912707
28910505
28910858
28914234
28913027
28911555
28915113
28916829
28910627
28911436
28911745
28911712
28911180
28912742
28916021
28910788
28910787
28913679
28914910
28916266
28913482
28912195
28912284
28915124
28913108
28914967
28913960
28911650
28913749
28914450
28913387
28916017
28915921
28914775
28916307
28913993
28911445
28910966
28912733
28916590
28915867
28910985
28911010
28913386
28916272
28911753
28915943
28912092
28915496
28915492
28915201
28912567
28914785
28915658
28911586
28914313
28912308
28914926
28915329
28912044
28914491
28912575
28910744
28912581
28913644
28915687
28914194
28916586
28915570
28914576
28916595
28911903
28910959
28912150
28913838
28913557
28913734
28910732
28913223
28912101
28910783
28916775
28914265
28912611
28912305
28915318
28911763
28911589
28914598
28911570
28914451
28911808
28915072
28911637
28915804
28916800
28911571
28916095
28913506
28913865
28914090
28916139
28913991
28911551
28913748
28912639
28916491
28913912
28910611
28913980
28915050
28911811
28912331
28914945
28913428
28912736
28914693
28916609
28912108
28914803
28916611
28914028
28915890
28914820
28916469
28912339
28912319
28913605
28910848
28916576
28916482
28916167
28916526
28911037
28911656
28914126
28913968
28916803
28914759
28915286
28911602
28914180
28914307
28916487
28916780
28915104
28911645
28914503
28910632
28913790
28911476
28912259
28913364
28914245
28914506
28915372
28913200
28910879
28911724
28911128
28911664
28916405
28915030
28911396
28912504
28910488
28916533
28913271
28913560
28911234
28914884
28910608
28913213
28914320
28911560
28913691
28916638
28912914
28915680
28911172
28913424
28915132
28913812
28913600
28911670
28916520
28913535
28916876
28916023
28916005
28913032
28914142
28914489
28916350
28915283
28915151
28915216
28913035
28912839
28913839
28912270
28916284
28911677
28915306
28912756
28916052
28914414
28913207
28914519
28911110
28916480
28911600
28915355
28913615
28912296
28912873
28916583
28916214
28912638
28915317
28915799
28914839
28914606
28910579
28913091
28913065
28911612
28910971
28912168
28911882
28914121
28915790
28915946
28911810
28913133
28912333
28911786
28915974
28916364
28912421
28912554
28915417
28916292
28913520
28916397
28913148
28914208
28912635
28914670
28910780
28916747
28910844
28915170
28915575
28911400
28914588
28913462
28914779
28913021
28913740
28916851
28916121
28911401
28911718
28914322
28913508
28912415
28914809
28916873
28916527
28912411
28911699
28913784
28912890
28911870
28912556
28914288
28910487
28911799
28911973
28912876
28912583
28912999
28912083
28913944
28914383
28916392
28915358
28912316
28914729
28916210
28915905
28912253
28913109
28915470
28911141
28912648
28912362
28916433
28911422
28916287
28911980
28914251
28915587
28914636
28914275
28914594
28912096
28916187
28912768
28914862
28916505
28914876
28912585
28913281
28915715
28915051
28915556
28913094
28912454
28913046
28911047
28914327
28911055
28915457
28913931
28916613
28910973
28916267
28913381
28912078
28915269
28912506
28913681
28915063
28915566
28913783
28911771
28912379
28913166
28912062
28914417
28916721
28914737
28914137
28914867
28910868
28915944
28915221
28913651
28915259
28914289
28916787
28915123
28911496
28916537
28916897
28914261
28913114
28915633
28914189
28912391
28911419
28914786
28912786
28912013
28914168
28916013
28911210
28910771
28916567
28915825
28913199
28914493
28914354
28912750
28916416
28915998
28914844
28911680
28913374
28913308
28914531
28915110
28914921
28914568
28914658
28910899
28910696
28916628
28912513
28916188
28913647
28914399
28912970
28916588
28915923
28912436
28915362
28915034
28911231
28913795
28911425
28914284
28913266
28912435
28913180
28911991
28915160
28913536
28913590
28911022
28910644
28910927
28915870
28913372
28913450
28912130
28914880
28914755
28911803
28910730
28916429
28912285
28916206
28912309
28913257
28916168
28913534
28916278
28912292
28914637
28913987
28916532
28915206
28916184
28914404
28915634
28914145
28910875
28915493
28915081
28912813
28912272
28916892
28911353
28911135
28912799
28913668
28914280
28912093
28912355
28912080
28913927
28910542
28914843
28915242
28916399
28912059
28910598
28913789
28914932
28910563
28910978
28916107
28911278
28912752
28916842
28910539
28915558
28911050
28916196
28910660
28912254
28915308
28912222
28914216
28911884
28913059
28911300
28915100
28914186
28912231
28913359
28912251
28910612
28914662
28913004
28912538
28910851
28910763
28912553
28912590
28914102
28914051
28916169
28914448
28912322
28914509
28910823
28911814
28914104
28915651
28915782
28914206
28911432
28912777
28911743
28911794
28913219
28915853
28914970
28913692
28910507
28910810
28913439
28913686
28913625
28912159
28911065
28911126
28913660
28911272
28915466
28912745
28915613
28912175
28914467
28916858
28913082
28913415
28911056
28911658
28914826
28911479
28910666
28916217
28911344
28916536
28911461
28911089
28915569
28914330
28911851
28915597
28910969
28915968
28915755
28913083
28914593
28912094
28914942
28911796
28915800
28911523
28915628
28912334
28916781
28916872
28912181
28913098
28910756
28913676
28915141
28915893
28913831
28916255
28911000
28910950
28913948
28915467
28912342
28916640
28916636
28915950
28912564
28912084
28910907
28910502
28916704
28915090
28913030
28913034
28916449
28911207
28916758
28913793
28911274
28914244
28914564
28916514
28914879
28916458
28913284
28914407
28913538
28912625
28911793
28912099
28913206
28915163
28915860
28912015
28911032
28912771
28912713
28914165
28915230
28915047
28911904
28915049
28911979
28912877
28912157
28912908
28913084
28911534
28913992
28912023
28911204
28913959
28912868
28914460
28914903
28916339
28915305
28914469
28911171
28914885
28912290
28912054
28913568
28916658
28913473
28915161
28914381
28911315
28915827
28914514
28915975
28916453
28915040
28911812
28916370
28913321
28912212
28911239
28911124
