Company
28910267
28909198
28909235
28910033
28909102
28910205
28910148
28909673
28909241
28909874
28910319
28909537
28910449
28909762
28910053
28909806
28909725
28909962
28910347
28909595
28909252
28909732
28909032
28909199
28909563
28909559
28909142
28909135
28910328
28910156
28910035
28909187
28910391
28910184
28909748
28909168
28910027
28910394
28910430
28910421
28909733
28910204
28909928
28910322
28909681
28909330
28910330
28909114
28909307
28909011
28909149
28910437
28910012
28910392
28910363
28909444
28909341
28910335
28909372
28909113
28909239
28909581
28910170
28909212
28909822
28909812
28909133
28909458
28909620
28909090
28910362
28909638
28909780
28909302
28909467
28909188
28909846
28909281
28909200
28909211
28910358
28909614
28909068
28909925
28909904
28909758
28908975
28910162
28909699
28910469
28909069
28909494
28910292
28909233
28909965
28909103
28909002
28909866
28910297
28909546
28909579
28909265
28910003
28910237
28910443
28909008
28910406
28909470
28908992
28910147
28909832
28910405
28909624
28909982
28910402
28909464
28910036
28908947
28909583
28909273
28909963
28910153
28910137
28910441
28910221
28910439
28909865
28908989
28910307
28910361
28910234
28909111
28909392
28909169
28909644
28908969
28909707
28910355
28910045
28909084
28909044
28909093
28910445
28909792
28910128
28909203
28909368
28909973
28910016
28909550
28909652
28910023
28909653
28909488
28909031
28910020
28909775
28910308
28909105
28909506
28909030
28909940
28910223
28909859
28909043
28910160
28908943
28909786
28909972
28910466
28909858
28909770
28909526
28908999
28909821
28910173
28910386
28909081
28909064
28909661
28910333
28910120
28909067
28910212
28909647
28909585
28909178
28909442
28909334
28910450
28910306
28909495
28910229
28909305
28909552
28909185
28908944
28909548
28910468
28909184
28909115
28909738
28909777
28910018
28909291
28909716
28910342
28909400
28909117
28910429
28910457
28909075
28909171
28910187
28909028
28909645
28909237
28909491
28909425
28909170
28910321
28910442
28910226
28909828
28909735
28909554
28908945
28910009
28909137
28910467
28908942
28908966
28909916
28909229
28909410
28909512
28910105
28909771
28909054
28910047
28910454
28909555
28909468
28909154
28909641
28909301
28909675
28909768
28909340
28910109
28909412
28910123
28909450
28909625
28908933
28910367
28909890
28910253
28910268
28909990
28909156
28909138
28910190
28910413
28910350
28910305
28910279
28909317
28909508
28908951
28909357
28909496
28908971
28910209
28909325
28910130
28909369
28909567
28910456
28909108
28909869
28910196
28909734
28909720
28909055
28909530
28910317
28909665
28909023
28909132
28910095
28909911
28910389
28910102
28910372
28909630
28910150
28910419
28909486
28909937
28909571
28909663
28910236
28909615
28909144
28910286
28909296
28910256
28909276
28909323
28909696
28909659
28909634
28909736
28910076
28910471
28909817
28909242
28909045
28909753
28910464
28909097
28909387
28909983
28908964
28910099
28909888
28909210
28910409
28908914
28909338
28909215
28910064
28908984
28909214
28909182
28909258
28909087
28909649
28909065
28908927
28909148
28909882
28909289
28909378
28909510
28909153
28908918
28909597
28909566
28909964
28909384
28909726
28910291
28909984
28910124
28910325
28909742
28909769
28909549
28910084
28910134
28909484
28908980
28909680
28910280
28909557
28909692
28909421
28910444
28910228
28909254
28910285
28910436
28910215
28909739
28910359
28909544
28909024
28909778
28909843
28908902
28909012
28909848
28909477
28909294
28910061
28910399
28910143
28909428
28909454
28909279
28909878
28909354
28910334
28909704
28909160
28909985
28909094
28909266
28909908
28909863
28909507
28910022
28908954
28908997
28909063
28910371
28909483
28909796
28909424
28909525
28909622
28909875
28909095
28909247
28909539
28909249
28909658
28909462
28908922
28910138
28909497
28909321
28909189
28909727
28909621
28909098
28909288
28909476
28909163
28909418
28910465
28909765
28909898
28910169
28909270
28910060
28909895
28910191
28909701
28909879
28910272
28908949
28909106
28909693
28910329
28909409
28909217
28909303
28909646
28910278
28909022
28909299
28910113
28909598
28910164
28910472
28909038
28910284
28909754
28909511
28909978
28910213
28910422
28909931
28910420
28909426
28909975
28909161
28909165
28909952
28909631
28908956
28910055
28909396
28909487
28909230
28909248
28910115
28909250
28909282
28909174
28909389
28910370
28910041
28909932
28910250
28909574
28910019
28908946
28909713
28909795
28909316
28909407
28909377
28909981
28910304
28910013
28910039
28910410
28909481
28909482
28910065
28910183
28910244
28909085
28910293
28910238
28909750
28909966
28909945
28908959
28909003
28909905
28909344
28909610
28910108
28909208
28909263
28909766
28908977
28910189
28908982
28909808
28910081
28909968
28910125
28908939
28909839
28909351
28909831
28909314
28909712
28909070
28910242
28910320
28909697
28910398
28910435
28909862
28909521
28910434
28909261
28909935
28909731
28910127
28909186
28909616
28910249
28909871
28910259
28910264
28910261
28909685
28909805
28909050
28909041
28909077
28909569
28909005
28909605
28909253
28909078
28910006
28908904
28909722
28909219
28909456
28909432
28909493
28909431
28909000
28909776
28910178
28909227
28910245
28909676
28909589
28909838
28909347
28908994
28910087
28909672
28909367
28909948
28910336
28909471
28908910
28909767
28909355
28909042
28910126
28910271
28909872
28909698
28910028
28909955
28909406
28910301
28909173
28909811
28909954
28909791
28909348
28909101
28909556
28910373
28909009
28909562
28909181
28909677
28910088
28909104
28909438
28909001
28910131
28908934
28910133
28909933
28909155
28909062
28908923
28910403
28909809
28908915
28910296
28910188
28910294
28909572
28910217
28910026
28909929
28908905
28910017
28910203
28910451
28908916
28909459
28909037
28909603
28909691
28910262
28908955
28909609
28909435
28910031
28910326
28909723
28909358
28909082
28909025
28908917
28909617
28910314
28909881
28910298
28909157
28909927
28908976
28909794
28910206
28909336
28909914
28909292
28909192
28910463
28909342
28909213
28909306
28909850
28909257
28910385
28909274
28909745
28910094
28909127
28908921
28909420
28909724
28909910
28910252
28909596
28910080
28910202
28909917
28909823
28909434
28909183
28910101
28909505
28910197
28909251
28909386
28909040
28908919
28909430
28909226
28909061
28909388
28909702
28910054
28909016
28908979
28910366
28909535
28910193
28909870
28910254
28909280
28910034
28909466
28909234
28908913
28909518
28909827
28909715
28909088
28910432
28910343
28910473
28910380
28909519
28909035
28910177
28909207
28909996
28909293
28909670
28909143
28909847
28909362
28909781
28908957
28909123
28909269
28909687
28910283
28909079
28910219
28909150
28910179
28909655
28909923
28910453
28909938
28910425
28909772
28910277
28910110
28909830
28909529
28909829
28910274
28910075
28910117
28908953
28909021
28908993
28910260
28910066
28910097
28909632
28910433
28908941
28909475
28909209
28910166
28909191
28909020
28910299
28909568
28910318
28909626
28910149
28910014
28910312
28909262
28909221
28909842
28909125
28909119
28909179
28909451
28909415
28909575
28909635
28910107
28909657
28910139
28909286
28908931
28909980
28909228
28909052
28909710
28909222
28909541
28909637
28910073
28908981
28909547
28909010
28909177
28908908
28909686
28909162
28910353
28909268
28909837
28909782
28909961
28909533
28909140
28909586
28909460
28909854
28909939
28909558
28909986
28909857
28909612
28909867
28909538
28910074
28909694
28908960
28910058
28909080
28909922
28909480
28910384
28910281
28909553
28909784
28909473
28909695
28909197
28910163
28909590
28909746
28910393
28909802
28909976
28909433
28909997
28909295
28909056
28909465
28909542
28909607
28909987
28909642
28909757
28909110
28909897
28910387
28910146
28909578
28910354
28910201
28909718
28909570
28910078
28909141
28910210
28909053
28909071
28910038
28910172
28910381
28910397
28910349
28909636
28909561
28908972
28910052
28910090
28909787
28910240
28908920
28909804
28910144
28909202
28909374
28909700
28909924
28909311
28910051
28909921
28909112
28909861
28909345
28910079
28909528
28909402
28909485
28909936
28909204
28910235
28909654
28909390
28910225
28910186
28909601
28910431
28909375
28909225
28910266
28909437
28909193
28909761
28909969
28910368
28908962
28909194
28909967
28909930
28909956
28910288
28910247
28909066
28910356
28909072
28909584
28909747
28909129
28909774
28909275
28910211
28909059
28910043
28909565
28910207
28910460
28909417
28909147
28909240
28909315
28908928
28909582
28909534
28910180
28909856
28908909
28910375
28908986
28909873
28909352
28910063
28910331
28910348
28909017
28909678
28910438
28909971
28909416
28909175
28909413
28909422
28910257
28910176
28909714
28910395
28909950
28910199
28909531
28910364
28909205
28909627
28910339
28910192
28910273
28910315
28908926
28909773
28909393
28909256
28910462
28909124
28910459
28909749
28909166
28909489
28908948
28909679
28910324
28910104
28909564
28909543
28909737
28909640
28910338
28909853
28909004
28909979
28910159
28908911
28910360
28909798
28910092
28909391
28909322
28910337
28910032
28909018
28910116
28908988
28909176
28910446
28909159
28910400
28909463
28910461
28909728
28909152
28910044
28910458
28910037
28910220
28909109
28909813
28908967
28910077
28909717
28909577
28910011
28909074
28909688
28909756
28909825
28909959
28909815
28908983
28909689
28909167
28909800
28909719
28909711
28910230
28910426
28909588
28910103
28910175
28910407
28909403
28910071
28908925
28910001
28909073
28909099
28910282
28910145
28909958
28910275
28909365
28909919
28909083
28909841
28910152
28908995
28910118
28909740
28910357
28909944
28910010
28910246
28909947
28909602
28909721
28909536
28909013
28910455
28910222
28909613
28910239
28909840
28909312
28909896
28909532
28910171
28909015
28909414
28910251
28910136
28908998
28909060
28909026
28908991
28910098
28909907
28909893
28909887
28909107
28910024
28910475
28909892
28909674
28909339
28909121
28909441
28910369
28910303
28909880
28909057
28909834
28910327
28909656
28909047
28910415
28910005
28909801
28910085
28909419
28910119
28909445
28909580
28910182
28908952
28909399
28910287
28909216
28909503
28910167
28910059
28909819
28910270
28910048
28910340
28909401
28909333
28909619
28909909
28909264
28909900
28909995
28909359
28909912
28910365
28909267
28909349
28909799
28909382
28908935
28909913
28909298
28909520
28909411
28909604
28910428
28909989
28909953
28909277
28909443
28909223
28910376
28909332
28908929
28909259
28909788
28909309
28909683
28910396
28909244
28910424
28910155
28908974
28909576
28909703
28909492
28909628
28909926
28909884
28910093
28908906
28910378
28909479
28909807
28908936
28910198
28909395
28908932
28909993
28909516
28909136
28910300
28910208
28909320
28909763
28909335
28908907
28909876
28909855
28909502
28909877
28910408
28909600
28909116
28910111
28909195
28910243
28908930
28909118
28909310
28909818
28909308
28909370
28909706
28909232
28909255
28910114
28910140
28909007
28909744
28909623
28909860
28908978
28910068
28909751
28910248
28910404
28909509
28909134
28910383
28909120
28909326
28909994
28910476
28909180
28909429
28910021
28909730
28909029
28909816
28909455
28909490
28909844
28909664
28909501
28909743
28910194
28910062
28909469
28910346
28908903
28909158
28909036
28909364
28909793
28909946
28909130
28910040
28909836
28910214
28909864
28910008
28909151
28910474
28909006
28909901
28909385
28909128
28909760
28910056
28909671
28910302
28909394
28910269
28909814
28910049
28909271
28909453
28908937
28909527
28910379
28909033
28909297
28909522
28909046
28910452
28909246
28910323
28909960
28909709
28908912
28909660
28909545
28909076
28909285
28909650
28910200
28910232
28910332
28909970
28910042
28909977
28910083
28910414
28910310
28909260
28909618
28910142
28910057
28909201
28909949
28909313
28909238
28909356
28910089
28909803
28909284
28909329
28910096
28909439
28910050
28910316
28909942
28910276
28910313
28910195
28909991
28909741
28909126
28908990
28910427
28909951
28909606
28909648
28909461
28910030
28909915
28909318
28909886
28909164
28909380
28910135
28910377
28910174
28909371
28909826
28909449
28910241
28909019
28909172
28909810
28910181
28909957
28910295
28909423
28910423
28909243
28909051
28909457
28909941
28909096
28910440
28909885
28910185
28910004
28909755
28910070
28909682
28910082
28909452
28910086
28909668
28910447
28909379
28909906
28909845
28909398
28909328
28909440
28908961
28909593
28909729
28909196
28909122
28909592
28910112
28910470
28908963
28909373
28909446
28910390
28909304
28909524
28908973
28909708
28910231
28909361
28909540
28909376
28910091
28910100
28909594
28910265
28909427
28909474
28908985
28909894
28910161
28909998
28909089
28909759
28909667
28910121
28909666
28909327
28909934
28910151
28909039
28910418
28909764
28910165
28910290
28909405
28909517
28908996
28909852
28909287
28909515
28909608
28909992
28909343
28909902
28910309
28909224
28910412
28909408
28909849
28909797
28910255
28909231
28909504
28910258
28910351
28909523
28910289
28909988
28909278
28909633
28910224
28910072
28910029
28909643
28909820
28909833
28909920
28909573
28909514
28910025
28909639
28909283
28908958
28909891
28910168
28909943
28909014
28909324
28909381
28909145
28909034
28908987
28909092
28910345
28910341
28910411
28910002
28908924
28909048
28910227
28910106
28909684
28910218
28909236
28910154
28909899
28909599
28909824
28909331
28909404
28909513
28910417
28909789
28909752
28909629
28910129
28910311
28909383
28910069
28909903
28909783
28909560
28909790
28910015
28909319
28909353
28909337
28910374
28909245
28909190
28909300
28909499
28909785
28909551
28909049
28910382
28909498
28909086
28909397
28909651
28909272
28910141
28910007
28909587
28910401
28909146
28910344
28909918
28909690
28909058
28910448
28909027
28909448
28908965
28909366
28910388
28910157
28908970
28909220
28910000
28910132
28909091
28910263
28908968
28909889
28909206
28909290
28909835
28909868
28908938
28909611
28910158
28909472
28909705
28909350
28910352
28909974
28909669
28910122
28908950
28909436
28910067
28909999
28909131
28909851
28910416
28909363
28909360
28910046
28909100
28910216
28909591
28909346
28909779
28910233
28909478
28909883
28909447
28909662
28909218
28909139
28908940
28909500
