Forum
28828568
28649581
28892432
28835777
28674018
28712394
28811374
28508824
28805155
28528892
28727372
28846955
28889860
28797776
28388698
28596065
28608618
28562191
28390737
28594877
28534081
28508971
28424382
28376611
28565279
28888124
28528197
28462058
28526162
28312066
28818551
28603192
28842813
28842738
28740538
28772907
28881444
28894930
28719142
28874813
28893346
28816267
28525129
28902171
28382445
28321037
28864324
28366672
28842434
28867749
28742188
28495133
28468489
28562241
28392613
28775508
28741295
28312112
28843542
28478369
28804947
28629555
28359365
28704588
28481164
28529834
28544971
28481821
28385869
28337727
28479298
28862721
28624436
28567017
28471381
28458986
28709917
28495988
28754510
28517376
28696349
28495145
28333909
28457846
28585966
28675887
28655742
28862192
28778432
28631643
28464357
28786603
28409278
28726873
28502874
28437757
28460184
28735212
28612361
28873468
28837602
28454996
28458853
28635662
28817698
28631913
28846351
28670922
28364291
28824408
28423070
28550254
28800062
28469887
28424492
28509621
28760205
28658044
28450727
28872875
28700885
28687511
28677465
28730005
28880980
28752721
28769932
28701188
28748350
28338436
28722388
28791770
28605016
28303165
28662604
28687336
28807502
28829527
28395326
28850051
28716288
28393531
28536283
28820020
28472387
28394636
28809309
28362571
28501246
28477914
28645053
28502241
28825652
28431937
28687701
28717600
28800843
28591522
28761424
28691568
28396858
28504334
28549449
28554923
28617685
28340828
28518726
28510566
28562475
28522863
28720082
28651124
28625587
28612577
28458145
28767852
28512425
28620232
28874189
28654228
28864775
28472592
28523622
28346991
28823654
28672920
28787800
28768958
28389680
28855598
28621555
28888137
28669893
28559891
28394390
28522352
28818626
28378415
28680820
28576826
28330622
28424550
28776470
28637621
28718971
28718491
28726674
28709105
28576774
28592210
28888823
28785254
28881963
28317190
28518295
28854976
28385241
28872828
28662515
28895805
28731636
28852614
28428125
28688735
28646674
28803222
28892182
28565310
28772624
28547836
28448115
28874786
28717597
28830540
28895715
28662009
28360227
28312914
28705043
28426072
28405547
28372030
28590279
28872329
28843662
28703114
28887196
28807599
28764593
28524027
28874912
28606678
28522236
28703150
28768472
28405979
28677389
28604297
28607318
28488044
28447573
28701817
28694438
28506589
28623492
28356544
28875874
28564806
28319224
28552720
28484285
28357078
28733602
28498929
28727131
28355807
28569024
28792793
28348378
28365150
28304560
28834827
28526644
28769285
28498764
28723296
28604602
28562852
28635993
28783696
28873797
28853617
28875961
28753648
28385788
28409909
28484056
28723916
28576469
28507365
28538212
28415585
28401159
28860515
28380359
28872885
28774897
28439294
28801931
28835914
28765958
28835596
28402427
28741223
28846591
28627602
28655103
28547215
28402886
28579393
28713860
28835759
28448182
28554898
28594603
28324509
28821298
28752713
28536930
28627064
28334458
28696570
28524135
28615973
28743428
28754192
28653222
28656271
28646100
28364456
28781975
28363655
28555797
28618436
28553782
28864485
28588860
28770783
28837790
28527288
28856213
28875561
28385346
28691990
28426096
28619823
28648061
28514411
28555489
28758952
28802779
28766490
28871288
28350592
28652281
28519426
28693467
28726371
28359260
28641732
28810497
28503955
28389505
28719141
28384193
28840593
28321079
28823210
28531109
28877544
28429872
28508080
28441226
28721819
28835006
28778643
28330487
28451994
28759744
28826479
28778525
28686312
28463687
28502825
28736792
28631846
28393375
28441169
28749783
28689680
28664109
28802857
28789685
28666962
28485979
28426917
28628810
28374352
28870929
28620684
28777744
28613350
28305281
28768368
28490238
28900842
28306306
28405749
28818728
28430060
28381212
28610336
28663220
28469231
28606609
28868778
28387420
28767726
28807047
28669056
28342918
28670562
28630474
28905406
28784222
28860602
28675632
28643058
28546475
28422144
28634779
28338866
28443521
28536755
28891911
28894096
28797609
28596958
28789882
28693354
28620329
28842597
28355661
28867988
28347849
28675309
28797743
28541227
28434195
28413249
28737541
28762980
28328358
28360523
28702471
28420905
28506996
28649732
28484370
28397807
28689238
28516032
28647223
28502468
28847440
28717220
28880658
28341283
28824887
28747594
28642414
28817459
28350470
28465897
28554585
28570734
28340608
28678158
28814021
28491772
28718239
28682791
28458457
28582414
28825817
28835966
28720243
28591002
28377364
28817438
28796905
28500602
28425167
28871602
28464336
28848915
28475356
28344875
28637539
28743244
28814502
28763286
28376136
28880590
28732453
28408192
28882337
28789801
28362702
28778333
28622028
28611401
28345742
28446068
28514592
28433602
28539731
28369379
28536678
28418872
28763532
28699326
28498676
28746588
28882121
28696064
28524532
28418110
28637459
28904069
28862727
28713961
28771762
28714474
28726245
28723637
28747572
28672885
28413999
28557473
28368529
28677894
28739138
28317540
28861392
28806284
28456064
28905517
28760277
28893854
28532003
28641602
28527907
28456183
28678268
28856661
28377283
28777264
28424639
28759592
28484480
28715048
28406887
28822889
28616924
28366703
28448309
28871179
28906200
28611109
28430854
28784331
28796730
28519553
28331528
28363971
28837458
28815757
28575563
28310269
28836872
28798601
28748845
28593401
28732575
28570030
28531642
28889494
28855564
28432706
28857636
28906098
28822515
28710923
28749984
28889520
28381086
28789568
28371368
28457553
28655203
28606777
28421709
28474525
28685921
28820257
28448731
28762575
28391946
28335859
28725012
28778146
28773243
28851915
28501964
28724177
28413769
28486641
28561477
28311832
28504896
28573598
28639724
28422977
28326485
28890882
28374678
28797414
28891621
28894126
28831088
28740531
28407836
28699240
28350106
28610701
28881302
28845670
28408774
28575235
28326608
28891061
28642118
28415248
28429952
28830781
28573205
28542580
28798021
28724880
28542066
28454416
28670299
28735362
28336784
28681035
28842649
28459967
28380568
28339314
28569129
28376354
28503549
28674003
28459651
28825425
28541394
28312659
28449293
28597558
28900541
28782420
28827069
28709252
28798388
28600339
28507746
28434969
28714895
28774853
28851931
28373020
28626210
28493992
28346022
28745725
28637325
28340468
28487462
28641631
28665311
28506467
28710842
28525379
28721574
28835166
28338306
28442248
28826465
28537024
28411749
28680990
28305323
28756502
28786776
28836191
28789670
28594315
28886295
28676919
28473318
28407015
28839488
28593010
28536643
28906373
28389838
28484262
28837749
28546059
28767144
28744493
28607668
28681219
28359348
28881257
28783219
28855361
28632416
28790276
28646123
28746551
28533857
28853373
28722546
28655952
28338353
28568652
28494778
28887507
28377407
28867948
28637340
28844269
28902796
28728214
28613576
28765593
28501421
28367067
28901741
28741119
28695411
28843689
28482733
28845880
28399953
28723549
28643697
28788747
28578246
28604605
28551815
28887470
28614190
28679173
28413672
28644705
28693070
28421635
28648583
28346445
28818123
28480202
28651769
28706166
28844729
28753094
28869653
28894924
28659670
28515396
28336244
28347766
28741551
28701191
28808066
28425333
28877583
28574834
28343046
28588981
28550126
28786665
28861430
28597892
28352839
28716782
28679439
28453453
28906339
28814561
28689528
28312755
28314486
28337053
28748444
28687182
28822521
28422372
28395591
28863645
28638261
28845492
28690132
28562599
28546150
28422033
28369868
28531041
28476728
28540871
28495293
28568731
28726081
28751147
28385856
28418611
28843541
28563638
28690169
28388262
28319371
28639202
28429554
28376347
28495254
28548055
28767274
28355760
28489728
28636748
28744602
28415506
28468532
28837703
28398935
28866647
28368026
28577105
28786659
28635818
28762917
28419213
28708631
28379890
28334213
28693655
28459626
28520706
28568888
28607806
28704062
28817522
28507855
28584506
28838716
28410590
28897345
28895645
28335940
28319990
28447840
28682959
28458321
28484705
28799611
28605584
28309466
28497509
28340997
28819016
28341241
28451410
28736404
28468960
28507871
28440280
28316046
28327791
28660116
28781713
28714327
28821909
28476115
28765676
28362222
28616264
28311755
28698340
28896505
28370742
28779579
28643823
28624893
28530224
28812109
28840902
28899087
28865957
28866029
28784484
28627608
28526499
28501850
28414449
28897097
28667432
28684008
28476654
28396008
28814753
28368110
28575013
28404538
28628503
28325761
28670040
28591364
28841730
28807062
28386725
28760254
28747390
28675716
28819730
28898028
28749641
28868960
28352958
28736824
28493670
28781245
28478399
28853807
28309044
28788021
28467537
28726875
28618997
28443726
28709100
28540239
28442920
28886538
28777729
28806610
28496253
28638591
28310209
28542635
28732041
28810295
28329552
28418386
28486100
28807304
28661576
28779150
28680402
28436077
28394344
28637304
28514599
28691327
28458471
28838566
28311841
28466568
28790695
28883163
28472571
28653154
28358742
28740655
28775465
28357296
28744328
28719457
28459807
28780567
28828718
28559946
28582728
28720539
28749391
28537332
28424271
28736337
28649765
28688031
28660399
28846804
28610732
28871481
28605758
28891360
28810681
28757702
28372090
28805813
28553870
28707321
28885769
28628587
28470239
28612465
28636178
28525107
28595741
28853864
28784336
28485850
28727232
28308534
28660359
28722831
28871408
28380599
28817009
28455311
28773074
28666086
28502526
28439650
28785011
28519535
28582303
28884595
28304532
28498679
28448029
28832552
28724991
28475803
28309965
28826751
28454677
28649112
28747353
28486056
28598117
28337090
28905486
28845963
28420643
28489978
28824294
28344290
28437710
28368463
28393095
28407247
28403515
28304318
28355234
28440283
28500000
28650687
28556328
28474953
28369883
28532976
28592568
28648618
28436627
28328147
28812827
28554547
28561805
28643098
28853070
28392127
28317897
28787522
28862241
28674046
28341069
28873186
28406547
28721906
28492927
28690198
28635588
28439153
28594087
28862655
28385138
28496106
28726337
28768083
28412809
28895869
28733228
28609365
28579361
28856327
28537065
28313817
28759412
28745291
28654363
28586037
28744631
28656932
28689468
28363118
28655699
28644964
28834739
28339370
28764279
28732534
28891909
28462341
28714299
28841010
28459958
28392151
28516565
28594221
28435828
28824165
28320571
28571678
28600633
28844960
28811155
28603899
28668195
28831514
28656355
28351988
28364020
28734081
28562741
28428233
28644985
28366930
28682465
28614649
28800254
28475838
28908261
28638357
28565911
28784810
28348484
28383683
28702025
28392077
28336280
28545013
28562130
28340650
28886564
28906927
28828612
28625611
28721035
28745741
28859089
28773334
28304584
28740493
28890174
28871101
28451527
28321597
28708129
28422859
28304239
28702118
28763288
28872633
28662172
28802565
28813926
28669666
28488640
28810595
28764902
28665523
28610273
28389212
28785058
28731113
28806382
28521984
28791408
28827012
28751595
28488286
28684302
28578285
28567948
28771261
28436134
28613268
28315599
28457783
28551195
28579679
28860259
28696512
28848333
28497490
28740041
28801403
28799222
28496573
28899689
28686358
28652664
28815050
28493723
28302839
28647214
28365650
28692463
28890934
28724202
28672267
28800317
28609279
28397901
28772343
28635550
28391285
28441489
28682389
28421692
28382212
28412365
28740445
28607560
28376602
28859674
28430517
28415060
28312091
28596604
28612913
28447571
28861715
28636234
28388076
28332568
28769978
28739060
28771362
28397164
28819272
28641733
28799967
28481776
28791742
28317071
28663595
28703101
28820428
28561068
28401032
28792125
28883729
28860094
28393435
28561682
28405674
28375351
28819328
28734588
28826147
28467305
28363593
28698521
28437072
28787332
28383754
28764413
28520652
28698194
28594290
28773077
28703673
28461629
28591357
28731497
28553047
28569444
28755895
28747347
28852716
28889323
28835693
28443668
28724732
28641396
28516457
28380212
28803720
28390103
28579015
28311328
28826650
28786356
28459101
28849074
28546256
28693739
28523971
28607927
28784696
28380711
28398250
28704677
28492944
28775989
28471600
28728017
28408802
28817071
28546611
28893055
28501665
28582830
28848341
28598550
28672421
28788037
28552568
28347993
28717293
28403484
28631469
28785727
28524778
28484645
28839914
28368193
28893764
28895423
28414026
28695253
28518565
28554772
28809339
28767731
28534107
28897404
28837885
28560587
28481130
28404586
28606297
28759530
28572923
28797149
28859699
28573892
28546132
28808508
28782225
28548309
28353030
28816440
28357047
28840463
28412843
28676849
28481197
28307383
28896811
28685581
28441422
28451612
28394766
28875532
28506088
28304733
28328116
28742945
28799805
28327694
28327971
28421437
28384329
28825127
28592177
28451606
28773561
28527370
28380387
28356323
28581003
28308019
28744227
28554492
28854246
28556981
28838413
28873437
28656471
28419928
28361803
28669079
28623489
28347573
28862925
28749064
28899707
28597320
28587100
28343525
28557635
28422285
28805079
28779684
28648666
28437080
28562066
28543803
28444271
28739046
28902376
28445370
28393091
28548321
28418376
28879208
28398052
28305266
28690024
28776697
28545050
28570659
28497289
28532277
28439385
28455998
28687677
28652326
28419022
28871293
28389008
28498970
28621988
28559187
28876860
28650476
28549480
28623472
28565683
28435708
28796830
28888746
28374087
28693101
28891184
28593035
28538279
28527023
28615731
28522004
28507483
28795221
28441200
28692534
28677538
28429086
28849613
28642248
28419802
28731381
28818854
28304758
28735657
28431134
28842772
28873298
28754154
28869055
28892619
28731332
28528485
28683250
28835129
28700443
28887634
28780790
28316948
28618955
28622133
28687258
28815432
28905325
28847183
28669162
28368851
28819097
28411267
28344513
28498748
28490849
28400317
28633720
28793102
28828922
28417018
28629801
28714267
28760520
28816432
28482001
28469068
28461845
28376114
28335099
28790010
28311455
28524873
28396580
28317962
28380887
28644971
28830645
28847829
28856268
28483182
28551983
28444916
28702364
28453098
28860213
28378411
28868593
28369807
28555109
28786972
28495443
28451283
28719451
28462537
28877457
28515583
28526827
28872552
28582052
28399385
28595223
28641969
28546591
28335022
28426602
28758307
28647638
28801468
28775370
28435022
28544198
28375035
28730026
28660951
28382456
28819168
28796345
28673611
28640232
28527395
28861817
28702646
28597505
28775000
28637733
28821826
28376707
28762384
28761732
28435416
28885360
28612881
28362684
28556237
28561093
28553192
28715174
28736654
28870323
28554625
28484141
28672725
28519319
28857553
28689183
28337550
28334187
28327568
28510970
28314706
28780025
28868661
28668675
28525029
28777554
28717957
28876588
28627172
28902083
28830216
28520010
28438701
28687827
28777306
28592535
28751406
28889762
28857997
28336274
28349921
28726270
28440072
28336780
28860876
28786091
28395758
28901462
28491326
28490653
28787008
28508272
28740733
28901464
28423291
28731569
28756639
28620793
28356813
28694252
28372675
28817840
28533668
28468269
28881097
28900327
28553085
28460414
28642844
28561256
28336348
28812318
28583730
28649861
28386960
28593450
28595484
28693129
28770378
28884912
28769409
28320743
28377931
28760515
28711640
28502478
28560730
28381802
28540325
28658077
28514524
28906481
28306041
28675081
28660526
28632719
28769421
28582019
28412710
28491402
28626171
28644139
28343941
28490759
28574727
28331189
28762016
28585246
28609123
28359107
28344071
28620023
28466637
28327491
28324252
28405771
28458479
28439080
28557064
28597911
28715733
28843825
28722218
28897105
28819225
28824940
28328162
28802389
28333631
28386094
28662256
28701274
28552483
28587752
28815533
28513796
28311345
28879956
28722007
28902578
28305875
28679817
28480822
28345985
28344583
28852128
28662134
28543820
28624277
28489344
28843836
28731164
28874836
28811602
28499291
28671344
28329297
28319899
28677742
28598144
28871823
28543939
28855620
28888561
28757653
28532210
28549517
28562466
28901434
28556143
28558396
28657313
28743334
28577715
28519613
28381807
28833195
28561119
28710146
28868357
28779517
28635396
28368274
28389229
28629304
28906648
28671529
28578565
28561666
28577569
28814443
28455189
28651002
28614347
28649386
28467683
28801971
28592584
28684352
28666151
28627340
28515751
28871834
28519297
28737647
28436331
28851908
28540238
28488303
28804384
28376048
28714889
28685458
28651380
28407832
28531502
28746495
28728549
28529140
28544137
28668959
28593429
28857782
28684623
28459518
28416082
28789185
28812870
28448844
28831337
28503453
28663402
28439977
28576330
28805638
28432178
28451440
28666233
28630575
28303846
28390735
28831843
28752727
28735004
28713408
28620604
28463904
28490496
28642106
28396208
28348994
28325708
28672502
28441739
28538485
28392227
28677621
28657078
28839793
28572893
28729649
28579237
28311089
28422486
28605565
28815527
28558909
28420594
28540276
28377358
28873168
28533421
28623758
28759120
28824462
28369779
28485699
28669357
28817295
28438711
28775761
28458719
28378324
28330362
28446901
28892297
28390223
28534992
28757871
28364196
28349841
28377040
28314012
28886111
28368964
28684843
28552994
28417830
28350714
28733196
28616421
28763832
28334455
28453307
28582546
28422218
28464217
28469537
28868591
28536469
28498124
28893743
28479004
28304342
28636252
28490951
28304067
28799350
28726566
28420596
28769025
28650298
28801951
28319550
28838542
28723776
28586405
28740583
28776863
28412852
28589089
28306941
28786380
28707263
28872976
28716760
28742130
28878360
28382657
28484393
28619538
28481806
28620558
28420325
28407972
28736599
28485292
28819093
28863857
28524052
28722958
28371819
28399922
28907217
28734975
28399337
28716812
28647918
28694584
28813432
28806547
28305733
28573052
28375609
28302371
28535889
28631064
28725586
28749365
28408354
28716466
28484609
28557285
28596001
28748771
28799330
28686079
28483535
28742419
28370093
28795432
28696992
28335004
28532378
28540406
28344456
28789764
28540681
28725135
28650824
28699064
28688461
28732417
28820636
28906083
28679489
28378390
28494421
28325670
28362555
28418618
28497037
28847848
28631463
28688375
28647688
28809630
28495469
28846163
28746940
28589458
28316204
28356198
28344947
28711154
28801510
28572846
28643184
28571547
28780133
28874275
28560253
28400748
28814176
28579473
28369198
28581034
28305526
28690696
28888651
28451255
28678469
28635628
28375176
28542876
28527239
28346512
28771139
28585462
28496545
28774108
28351858
28499418
28903700
28511375
28865308
28488138
28510777
28877992
28592729
28459593
28820065
28467291
28379529
28703340
28897316
28867860
28679664
28829400
28898706
28328931
28342279
28805789
28854722
28829668
28777583
28635133
28667771
28407240
28876392
28569195
28477854
28362075
28696902
28770735
28879001
28576480
28311478
28868548
28785074
28416564
28849035
28652699
28719808
28846864
28766985
28790212
28543578
28664035
28376252
28897405
28411323
28895520
28372623
28712610
28677341
28441682
28732956
28883882
28436629
28571560
28493643
28828423
28889653
28387306
28595629
28371326
28843110
28709555
28467191
28499628
28871963
28468732
28543443
28592422
28354996
28895220
28691943
28723251
28575500
28548361
28690194
28745050
28771222
28334074
28387192
28517160
28610929
28792074
28881898
28450072
28629983
28773934
28868825
28858446
28858909
28643943
28764927
28815173
28372750
28814797
28657916
28606122
28352901
28851873
28700300
28733384
28317043
28423009
28490320
28905067
28636347
28781585
28529453
28763187
28326900
28798296
28659185
28853374
28506146
28658680
28677682
28803073
28598106
28870834
28645349
28905368
28369651
28416288
28746889
28465847
28788548
28420496
28623300
28718255
28828662
28443728
28385600
28306047
28604045
28574629
28357004
28550049
28833107
28314366
28675359
28442413
28751125
28485230
28805534
28389581
28761303
28504886
28810374
28591905
28704468
28326706
28396832
28433197
28773318
28420360
28746259
28490388
28465552
28438487
28663502
28777409
28519903
28839937
28549015
28784041
28423696
28528546
28614563
28819206
28830655
28420929
28372270
28780435
28434847
28853068
28844561
28701003
28644614
28538584
28564186
28366052
28601255
28499860
28395450
28737594
28616568
28626770
28427680
28830035
28532332
28855874
28565517
28606759
28636590
28516637
28407238
28856088
28855597
28771636
28862657
28532315
28805717
28460533
28433032
28406552
28654481
28700940
28698585
28643456
28383217
28765811
28380750
28611126
28424538
28428221
28702766
28327812
28730844
28886409
28450344
28763859
28652738
28442149
28869989
28577701
28564668
28888052
28482488
28319136
28350928
28368869
28659362
28802008
28892104
28752355
28480991
28584953
28814411
28371767
28468308
28816347
28845562
28428868
28801121
28794640
28841542
28882178
28599470
28631998
28764781
28769392
28750434
28475441
28866504
28671706
28824306
28547959
28894260
28637037
28511614
28794985
28751944
28334288
28571984
28353026
28579944
28575756
28703614
28423961
28789483
28316479
28303757
28353619
28793905
28717877
28789221
28760781
28487160
28432048
28900177
28806467
28349456
28347349
28480461
28493611
28665154
28313500
28654520
28382847
28738232
28348356
28769390
28420005
28425921
28400955
28633379
28845545
28843730
28578095
28872301
28392313
28757526
28902283
28569372
28330236
28480449
28329884
28430954
28561888
28772205
28782150
28533364
28507861
28521399
28507847
28623281
28805836
28347377
28694472
28722836
28541918
28803193
28617844
28509497
28375726
28734011
28524239
28820981
28345187
28897318
28596959
28524739
28475357
28424387
28746781
28901317
28804995
28331748
28527354
28533678
28724903
28663485
28545939
28874033
28672131
28419370
28747693
28486078
28846145
28894958
28795520
28398675
28554409
28643072
28696576
28886359
28495623
28812588
28597420
28701889
28870098
28716143
28462115
28647850
28579458
28736657
28474259
28572111
28507545
28635547
28689242
28886203
28493701
28593535
28682609
28849520
28849456
28508256
28890007
28750961
28591124
28542712
28851478
28636547
28341254
28818219
28351458
28320000
28646072
28755062
28344269
28360371
28444891
28513973
28323421
28854590
28661439
28450549
28454851
28602527
28800710
28778325
28484888
28581108
28600922
28344371
28813000
28570216
28538364
28310817
28773843
28424733
28380637
28748583
28822845
28744226
28893288
28325206
28489863
28405498
28455140
28663617
28806683
28770772
28742492
28657444
28312835
28400193
28452086
28776328
28831228
28438960
28469202
28665833
28307437
28694110
28796262
28480174
28777951
28691991
28890279
28714290
28864666
28857077
28786641
28644605
28726791
28712013
28490446
28900339
28314932
28631693
28750317
28838877
28458751
28653252
28683583
28367240
28532623
28370237
28903151
28490119
28558924
28503771
28309733
28334505
28337718
28467354
28906203
28365816
28352680
28567562
28461401
28732467
28815689
28768347
28341081
28458488
28763962
28588129
28433395
28603612
28422480
28496720
28530961
28624127
28766817
28543853
28495714
28493581
28905723
28713909
28447340
28704565
28676948
28889219
28445715
28884433
28310515
28768673
28370655
28321781
28825697
28611804
28729032
28496759
28520191
28608998
28629231
28490331
28502236
28599833
28873623
28614047
28586156
28457294
28443842
28658779
28354061
28616205
28775477
28399653
28397477
28780981
28404624
28715971
28863378
28387700
28495745
28519338
28464977
28425889
28675179
28783063
28319754
28579426
28374165
28891938
28508276
28640334
28345888
28409705
28858881
28317693
28839167
28908725
28556141
28786346
28784932
28396590
28476133
28736774
28337166
28369896
28565808
28557053
28792157
28872639
28307704
28582244
28586556
28558355
28416259
28701912
28367762
28797236
28560758
28711315
28779399
28337225
28787116
28510400
28558073
28688510
28810871
28805260
28824985
28496775
28352481
28546233
28691009
28889327
28847752
28329709
28716756
28734299
28452953
28477562
28786567
28569472
28638313
28724605
28517676
28458702
28613478
28646103
28738405
28668032
28755908
28649708
28484322
28435047
28905324
28646147
28884208
28348750
28687861
28627387
28603568
28812923
28428719
28351645
28420635
28634268
28371066
28726781
28700731
28443732
28812237
28648832
28904225
28344846
28625580
28678426
28804930
28758356
28312690
28693398
28500650
28740903
28360722
28757020
28647500
28539404
28820463
28782769
28536550
28763276
28723781
28641149
28904661
28423839
28878822
28657911
28375089
28361519
28703348
28751308
28567579
28850345
28839938
28618521
28711870
28495481
28321424
28355089
28876057
28709692
28623408
28547647
28788736
28467236
28508091
28303339
28545400
28328353
28316122
28755559
28851070
28768773
28578044
28351807
28775941
28554302
28582917
28782846
28564405
28581462
28788759
28370288
28767120
28746701
28343084
28722746
28682152
28363607
28563803
28713180
28492500
28853947
28903857
28881255
28833277
28354819
28418267
28533109
28324481
28652445
28440800
28584118
28839416
28808593
28888361
28721867
28559295
28432651
28532627
28784075
28483873
28721722
28788453
28644700
28848211
28506101
28323791
28799514
28327896
28694569
28761399
28754120
28901596
28676064
28804754
28533085
28693446
28636126
28685054
28567616
28788288
28601586
28773809
28897937
28794635
28444048
28790518
28675136
28364250
28731008
28572226
28793678
28814454
28747226
28314785
28454081
28758345
28480169
28340614
28769363
28497244
28303942
28457463
28528995
28778172
28749912
28401393
28323651
28405274
28377253
28432312
28423732
28579174
28904261
28731434
28470660
28514610
28550135
28855857
28354267
28360505
28404429
28329725
28404421
28743330
28672854
28514159
28731963
28865040
28769004
28774662
28337553
28471467
28596669
28792284
28748891
28402156
28832877
28478054
28514942
28433564
28563253
28342580
28782876
28830803
28309463
28385255
28579541
28659196
28798386
28855138
28860348
28325695
28326765
28562532
28886487
28845147
28716083
28899141
28424163
28541578
28423425
28612737
28402767
28371266
28359954
28385664
28628985
28362759
28478938
28810320
28889909
28355899
28428638
28576940
28761813
28749951
28453222
28656673
28599252
28543785
28859485
28427461
28749723
28555091
28541756
28720686
28409875
28412394
28824703
28813022
28843149
28789393
28436953
28437969
28495795
28373574
28789026
28876030
28700559
28785457
28434156
28509344
28452236
28811299
28528955
28891438
28695222
28800407
28340229
28859084
28802929
28327716
28857690
28842577
28383818
28486312
28458288
28587300
28877819
28352353
28650343
28900804
28339522
28810321
28735591
28885988
28305540
28421633
28657184
28608957
28367266
28784705
28903602
28318478
28654544
28505101
28892931
28514420
28823239
28356966
28616825
28460720
28905936
28764369
28533383
28361044
28551789
28662346
28823691
28629230
28483676
28617424
28658416
28386774
28878897
28772076
28776048
28680505
28549883
28304993
28538048
28647053
28364174
28430837
28642337
28600299
28339074
28304424
28358446
28373384
28733878
28378877
28589115
28388393
28748288
28469286
28466909
28590802
28783409
28481668
28643625
28505607
28554113
28619496
28375307
28827738
28744881
28898394
28794699
28402966
28899972
28515172
28311492
28621522
28530688
28841106
28331086
28639035
28392868
28519389
28766596
28680717
28362541
28475445
28656190
28512645
28885379
28396630
28340748
28728226
28660047
28520264
28499228
28410312
28579387
28357776
28628697
28609302
28506202
28823917
28302904
28333330
28539575
28337160
28891321
28535154
28374907
28823951
28763264
28845518
28541348
28364018
28636629
28613889
28708917
28510541
28816035
28811600
28579753
28354372
28893053
28873894
28384945
28672585
28835473
28902420
28642804
28748895
28793890
28596480
28435923
28858026
28614427
28846871
28465276
28698391
28645173
28468755
28655137
28573070
28735575
28567828
28686903
28501186
28307873
28310839
28344412
28332669
28317559
28639895
28720370
28436178
28479561
28382833
28305652
28864230
28409240
28571022
28405844
28579379
28424943
28532367
28500553
28408091
28806955
28767935
28620821
28365743
28498127
28566828
28853012
28565925
28373703
28765751
28385561
28860074
28337161
28631270
28621414
28390781
28568805
28702660
28666101
28618974
28765145
28322662
28339048
28768286
28799047
28690927
28377965
28540974
28877306
28740816
28707984
28397924
28592768
28493200
28420452
28741308
28434309
28663552
28732281
28594776
28498745
28559506
28427986
28391617
28477070
28536807
28624164
28638042
28344182
28693194
28458568
28456599
28852648
28638248
28903693
28538307
28591262
28657578
28336881
28397238
28653998
28693486
28524631
28846763
28786565
28800095
28348330
28740679
28698666
28681005
28705098
28693617
28582598
28651690
28419279
28881714
28785041
28770758
28353704
28636386
28750169
28549622
28329579
28548400
28617390
28666007
28830281
28743313
28532490
28718902
28371179
28443866
28704371
28799708
28766747
28441096
28481927
28653548
28466237
28815623
28740315
28648009
28853523
28360888
28371634
28609485
28455703
28699234
28904437
28719766
28616130
28391390
28704052
28513481
28831096
28712949
28905667
28530874
28759074
28439349
28575056
28884610
28718564
28308242
28328206
28583808
28822296
28429084
28548660
28363141
28676125
28496604
28702859
28903532
28679689
28581436
28886988
28363273
28510444
28491694
28423148
28720500
28891038
28727695
28550320
28747496
28614715
28747980
28760528
28333706
28506130
28424866
28740276
28813295
28367244
28714724
28835561
28775935
28893409
28467769
28745838
28713311
28551350
28838061
28561308
28431766
28753923
28381808
28656113
28690910
28866252
28388515
28581768
28545389
28435978
28751374
28663895
28799155
28363022
28342130
28858198
28492965
28795238
28817193
28732631
28500025
28471132
28660254
28827339
28661911
28803183
28787075
28694952
28531274
28360233
28759053
28839946
28797035
28355978
28683592
28551309
28509659
28531325
28905621
28358456
28785082
28836393
28770726
28889920
28874761
28422683
28471623
28576585
28894379
28401696
28443900
28774593
28853541
28473847
28547325
28889833
28741026
28341854
28447691
28724112
28502224
28498437
28379317
28376340
28462017
28816939
28652389
28397820
28618175
28604904
28829305
28535403
28725730
28684308
28804410
28815374
28766852
28722060
28789162
28808619
28407529
28575479
28494850
28621075
28444470
28578859
28584341
28750296
28495803
28558635
28457730
28853736
28424744
28332675
28399396
28470971
28500585
28308947
28721011
28412066
28449310
28704414
28696322
28882791
28343105
28810851
28678057
28737855
28473428
28718977
28783327
28647284
28377190
28410328
28307660
28773924
28760793
28730896
28577564
28350390
28358848
28535566
28539927
28639062
28512690
28708728
28670660
28638541
28652632
28440469
28578586
28760045
28732091
28372924
28706838
28408408
28501802
28357498
28664650
28774896
28366387
28614260
28473193
28883596
28441087
28342042
28574217
28867252
28783276
28363779
28391668
28507730
28618744
28450281
28906492
28476388
28448919
28576277
28663938
28394060
28559962
28894873
28880848
28602089
28642016
28447633
28566022
28382676
28890758
28610411
28673275
28734006
28389638
28807356
28687152
28724261
28791016
28480908
28365458
28591514
28896931
28461210
28414671
28578611
28847249
28663841
28898370
28849306
28699917
28357721
28546961
28589908
28577790
28544190
28884683
28519420
28449245
28696704
28699979
28876014
28697670
28363124
28866726
28491827
28606350
28585421
28679794
28425798
28566876
28473392
28491512
28320542
28885338
28762324
28578021
28433684
28801008
28354583
28857287
28349651
28424535
28611379
28772949
28892768
28615886
28543184
28566781
28754871
28577186
28692806
28551777
28902959
28859834
28775883
28479098
28339571
28404051
28820022
28756018
28339721
28546412
28576426
28574746
28315595
28818833
28378196
28761087
28796072
28784944
28451635
28555711
28534775
28783717
28546380
28707873
28565824
28599554
28794786
28592117
28770660
28420935
28446672
28736366
28830052
28821329
28853203
28857800
28561371
28769249
28729632
28665557
28827824
28750994
28650574
28459992
28776266
28550793
28585357
28810973
28322488
28498703
28663059
28830191
28637691
28535356
28319464
28738454
28763784
28583179
28361471
28419461
28461879
28388631
28898954
28783056
28376646
28306171
28675591
28326783
28849415
28610726
28666807
28770645
28625464
28826939
28597054
28511148
28800175
28501019
28335153
28558623
28659466
28411145
28503230
28595085
28681318
28603855
28464034
28409535
28751509
28307348
28480394
28608495
28893248
28724837
28343549
28793705
28597591
28790188
28450979
28318895
28360655
28492402
28611344
28746731
28500170
28881101
28760115
28441058
28627637
28846894
28567306
28606160
28614001
28674551
28805346
28303706
28889989
28558232
28476377
28662308
28419302
28898245
28472920
28838668
28434849
28587989
28603420
28335078
28522450
28382452
28672607
28612415
28645693
28830087
28365200
28698324
28550409
28516302
28834098
28338358
28794247
28558822
28376606
28615568
28412225
28715953
28334751
28672808
28432727
28729803
28497627
28502329
28524629
28488187
28731047
28523400
28906858
28760924
28905132
28894527
28787876
28503481
28805007
28552083
28632194
28650331
28335623
28370249
28647634
28879609
28857828
28490174
28541304
28482322
28432992
28497070
28626990
28770076
28512709
28812374
28602019
28523878
28694748
28529153
28905563
28704783
28351427
28533903
28884660
28498634
28730655
28328610
28769506
28388856
28468375
28681709
28520316
28760441
28586528
28484013
28314320
28352822
28323107
28486382
28705027
28353759
28312096
28719536
28755146
28434588
28817991
28753821
28325519
28388615
28657146
28343481
28411778
28747888
28858191
28550520
28369252
28776699
28486709
28824315
28540518
28635968
28533395
28773489
28722118
28571676
28451426
28593646
28755923
28783322
28350403
28338950
28811863
28675637
28490635
28563850
28832910
28365648
28780242
28608958
28730454
28332091
28372487
28393731
28651971
28343842
28594340
28831914
28437450
28436491
28328950
28602962
28737006
28691722
28600117
28695803
28859302
28451238
28743166
28444000
28803010
28383305
28892366
28802330
28379386
28396556
28719660
28492934
28561332
28342175
28588398
28741035
28793402
28809128
28667590
28470348
28766624
28604616
28769796
28615693
28461687
28738168
28437199
28551364
28600426
28366855
28426009
28809094
28610727
28647538
28732379
28632566
28465256
28519411
28442575
28636195
28356824
28351711
28811725
28406005
28413492
28344998
28601801
28635349
28716157
28792478
28824377
28400801
28435107
28826549
28905978
28872349
28771549
28745331
28539570
28860884
28578982
28501084
28390681
28764855
28372979
28417713
28846079
28599289
28384859
28442791
28579147
28750522
28635552
28339004
28453209
28631421
28573543
28539184
28761839
28411763
28333593
28317876
28692469
28639508
28876100
28541784
28440695
28381629
28889262
28438973
28902637
28710793
28345036
28379889
28644418
28691130
28883491
28906340
28870305
28658250
28392413
28651430
28600802
28398522
28680995
28593109
28462624
28473963
28696191
28322980
28706636
28481361
28468200
28824240
28390947
28659160
28876088
28319146
28739576
28699351
28826804
28841415
28737150
28839119
28839848
28487855
28711212
28900779
28745641
28388058
28887703
28629185
28847762
28714398
28724147
28410556
28704453
28409529
28683613
28902452
28569975
28320468
28904636
28659381
28797374
28538103
28327645
28693196
28491580
28711823
28739329
28707938
28571302
28898666
28569152
28786626
28639615
28682988
28667624
28780599
28745558
28737112
28574442
28577807
28653734
28792160
28714475
28815776
28772250
28384463
28866065
28507433
28830989
28415607
28642550
28584455
28376634
28371734
28567289
28883263
28726808
28712804
28312976
28807130
28489352
28765024
28546873
28593289
28685173
28346976
28615262
28488589
28438010
28470539
28853857
28616175
28497733
28749452
28370410
28783176
28487702
28357264
28359151
28518813
28477245
28618571
28685696
28643914
28452819
28660564
28641546
28612392
28832146
28524804
28663696
28859815
28651141
28810005
28828226
28382626
28505632
28867915
28774386
28580312
28853604
28360433
28574016
28871009
28421164
28475564
28630529
28813044
28584330
28889227
28542952
28667283
28765581
28903758
28319312
28820985
28722560
28504704
28561651
28531202
28315298
28835377
28879688
28821334
28604409
28422240
28419884
28498202
28714965
28403401
28340553
28763338
28774055
28330160
28894432
28355047
28547297
28784115
28305764
28754170
28641883
28906374
28804576
28772824
28512466
28817890
28712548
28622695
28771753
28743581
28740688
28636902
28333224
28906513
28905415
28652046
28903189
28809462
28467333
28544057
28611777
28369344
28619542
28804031
28754016
28667875
28621062
28384078
28624257
28583487
28631579
28654231
28451903
28803203
28582451
28891315
28880036
28679886
28800294
28645844
28866019
28449132
28432917
28473869
28328513
28499682
28594829
28455489
28674278
28621787
28419773
28498841
28761216
28417328
28511777
28496233
28844088
28819593
28487512
28439405
28639831
28797665
28334018
28442487
28660030
28500377
28711828
28443817
28808565
28395229
28361325
28591990
28504991
28839056
28523375
28799804
28317919
28621563
28562840
28874601
28344541
28630244
28827626
28622367
28414499
28888577
28662072
28365552
28729271
28840822
28349795
28346827
28752362
28522473
28562744
28325315
28633479
28795303
28810883
28781812
28585189
28624760
28636931
28784945
28466053
28549738
28467002
28883699
28589797
28428400
28382930
28302455
28514668
28357677
28571521
28403142
28824715
28562348
28392722
28569915
28477678
28656309
28760539
28538367
28322757
28538809
28858800
28433917
28558520
28335363
28564801
28871535
28624071
28606258
28726752
28571069
28559599
28343586
28644062
28637351
28366536
28469929
28446998
28884391
28838319
28796956
28377286
28441158
28600876
28525499
28757040
28870939
28493674
28517495
28777518
28637186
28667660
28383184
28366162
28518560
28588622
28347777
28385485
28534039
28491123
28603995
28355714
28798426
28424025
28597845
28305181
28344563
28781686
28552348
28651255
28452673
28336101
28555965
28855230
28561816
28814658
28672030
28615304
28513712
28694735
28638294
28867768
28474325
28887968
28741142
28319329
28399845
28726451
28641168
28369824
28593217
28451813
28319654
28490058
28904841
28626407
28392702
28696053
28439773
28506477
28829908
28635753
28410080
28630900
28663420
28785000
28728457
28402397
28441556
28633656
28621696
28896709
28617270
28712264
28905976
28308262
28723416
28710320
28375472
28868231
28426584
28867258
28437563
28755661
28672846
28385905
28548243
28587117
28426434
28664611
28321244
28325167
28413851
28355806
28318427
28450461
28871496
28855869
28484504
28741580
28728498
28396588
28710200
28505821
28315341
28478342
28514937
28545659
28468700
28727462
28588236
28683426
28396604
28764787
28672111
28828933
28515282
28473010
28609964
28384569
28432495
28353411
28507797
28607440
28452101
28557009
28557606
28401618
28656127
28636801
28787127
28788342
28445255
28353502
28333275
28528587
28408241
28328174
28548879
28707026
28593605
28795176
28783775
28805662
28739062
28784828
28686891
28411120
28569547
28375223
28594830
28319122
28327503
28442866
28626942
28404054
28388920
28730847
28389299
28873800
28423447
28470617
28880493
28619207
28666864
28321169
28334835
28658487
28898364
28543879
28649548
28396278
28557895
28397869
28490922
28383761
28879520
28367076
28833212
28410644
28685127
28580522
28576829
28505024
28846453
28851443
28814792
28771272
28830153
28309462
28836743
28438183
28358065
28533568
28669108
28569833
28489430
28816350
28360025
28478419
28630761
28650333
28759329
28862962
28769563
28400632
28673673
28532136
28767890
28725385
28710978
28568078
28517278
28334000
28728462
28524705
28656115
28652693
28575847
28491559
28469170
28497091
28899488
28445829
28441878
28574238
28327932
28396071
28464733
28585856
28459064
28640794
28633934
28807629
28612839
28612802
28655111
28785932
28834467
28498987
28503532
28306818
28314220
28504882
28769343
28439463
28477383
28817255
28317201
28664778
28795936
28740826
28398841
28509419
28404283
28817994
28759076
28564987
28393251
28687987
28622069
28795846
28549100
28609799
28596554
28386670
28905561
28357582
28674213
28751138
28515410
28551930
28432530
28463635
28802212
28720249
28305873
28513150
28337041
28832320
28443177
28747050
28494247
28425107
28464776
28477002
28472489
28825168
28378587
28848914
28743238
28648847
28487614
28338377
28739691
28600619
28758823
28596743
28550379
28780174
28697057
28573993
28671056
28683288
28457962
28430396
28762072
28695312
28397032
28417878
28485603
28675962
28631413
28486784
28551122
28774067
28649979
28313119
28321794
28892141
28528199
28474744
28905872
28904925
28905194
28800676
28788168
28591306
28486318
28618874
28450242
28770597
28802005
28476494
28847426
28425733
28677413
28550854
28677365
28855732
28370975
28429116
28701263
28674901
28341584
28358690
28902320
28628852
28869881
28619318
28626778
28811968
28482497
28891296
28381447
28746238
28588423
28389774
28417230
28347848
28719480
28316355
28530016
28793840
28846412
28549537
28533536
28816992
28342195
28504453
28410750
28596643
28821742
28874977
28800964
28869803
28651657
28839767
28745498
28848636
28833245
28763082
28734413
28637835
28500594
28834074
28539537
28717428
28436722
28765148
28523763
28756351
28598621
28532306
28314460
28750313
28586295
28807433
28599795
28325039
28538939
28336694
28463001
28848466
28696553
28884130
28583333
28636595
28661058
28901268
28800285
28620997
28845157
28733553
28825169
28458379
28628056
28382381
28483342
28769630
28340353
28325289
28802930
28689480
28414891
28784709
28517884
28574646
28384858
28711521
28584163
28665653
28377281
28576230
28304502
28760290
28795366
28698527
28824620
28582027
28378508
28768561
28551582
28812953
28367954
28382936
28523692
28337075
28596441
28481297
28656721
28735349
28607897
28807846
28538324
28443110
28686505
28599287
28556813
28507898
28884822
28378549
28779358
28346029
28605820
28736691
28820506
28497454
28495476
28726856
28359947
28718594
28891551
28629329
28392737
28650642
28566864
28768481
28886885
28452336
28689629
28855392
28849554
28691585
28788317
28456634
28311461
28907650
28613551
28531188
28358826
28623320
28500160
28350252
28802206
28700759
28468063
28862074
28588126
28605218
28634632
28303421
28385256
28760744
28386914
28760590
28815427
28627560
28756327
28768114
28780649
28516856
28514385
28487012
28502096
28744886
28473755
28603269
28633428
28796818
28582611
28622105
28833074
28638448
28765635
28880905
28563092
28809908
28650379
28398824
28723721
28827337
28434282
28646995
28481041
28741877
28609039
28758699
28514112
28412202
28700963
28330432
28588941
28836086
28502998
28554917
28879393
28553654
28726319
28552781
28860541
28688812
28587307
28620831
28614033
28529247
28484431
28337519
28422456
28759060
28567879
28453297
28360815
28892662
28647173
28370158
28343355
28543117
28475543
28665190
28561111
28700991
28726001
28560384
28883306
28406802
28826835
28763352
28549531
28349983
28429793
28648099
28630055
28904400
28393392
28776563
28741664
28399588
28852532
28859582
28751630
28518279
28524878
28450471
28623881
28536521
28535363
28741825
28406486
28789855
28515285
28570185
28465940
28722141
28504164
28644432
28578599
28518763
28522149
28755574
28512533
28628797
28834247
28472098
28344023
28892160
28587711
28635838
28673407
28681652
28754333
28745794
28889378
28770620
28887817
28599313
28653411
28753539
28640954
28371564
28805714
28602377
28370994
28660777
28609388
28636389
28406453
28497472
28519737
28404198
28851064
28340095
28863970
28445571
28419098
28607552
28733346
28767154
28526582
28750078
28769074
28823799
28536171
28803003
28369497
28816447
28776629
28826303
28448577
28348502
28659555
28822349
28477072
28326861
28604805
28648256
28481976
28839904
28661177
28498858
28588453
28876094
28598114
28715468
28653884
28682755
28882926
28533720
28352121
28765677
28363107
28585773
28417413
28552496
28472430
28861537
28402833
28665403
28522521
28490707
28758768
28389781
28853011
28303851
28314794
28403118
28637169
28806617
28767521
28561381
28790368
28535497
28524974
28738551
28354427
28578861
28432908
28700522
28437764
28756074
28401437
28311926
28487511
28873285
28441889
28616017
28515613
28622745
28334307
28850198
28715858
28638115
28620895
28788202
28403684
28342483
28521597
28626527
28659060
28845728
28696565
28435479
28687068
28574242
28542958
28302866
28397911
28579125
28388906
28618023
28872383
28326579
28408915
28662359
28834207
28640188
28700437
28728338
28801768
28537294
28711419
28900010
28329332
28579240
28661027
28506765
28530399
28839579
28310670
28665740
28356601
28719714
28577991
28523034
28371716
28491082
28495153
28648954
28415872
28360479
28361964
28623173
28392792
28637388
28443235
28439282
28777927
28497343
28762245
28424594
28544254
28606540
28796189
28872887
28599842
28380721
28719272
28406381
28887676
28556209
28825655
28571717
28596726
28795064
28618688
28770704
28847052
28342301
28540738
28310877
28371434
28823536
28808657
28639904
28520558
28566437
28452267
28395297
28688642
28725884
28552181
28349654
28432197
28783764
28713985
28851460
28807465
28905688
28564898
28369084
28706185
28842655
28318799
28601708
28323211
28779589
28664543
28770097
28761334
28548026
28481385
28818993
28333741
28580806
28684736
28503575
28658511
28879883
28621170
28707055
28693124
28830433
28641555
28437263
28857900
28667795
28620617
28658784
28458477
28627448
28886515
28891602
28638771
28759300
28338031
28873111
28754575
28515079
28905806
28520982
28340410
28669249
28386856
28610068
28464714
28636654
28430352
28411948
28635585
28521688
28870423
28637512
28876448
28421988
28789583
28440655
28904787
28407144
28743728
28427866
28642506
28625330
28414892
28424495
28490100
28804563
28908050
28793021
28482932
28352594
28505925
28660549
28398641
28452790
28850118
28464255
28730388
28321064
28459135
28491859
28827100
28904936
28559008
28654898
28764208
28830322
28853468
28395438
28376309
28783878
28816520
28809505
28634343
28768633
28462064
28329526
28614991
28762202
28316375
28675420
28816563
28702683
28754624
28821665
28434112
28753430
28819666
28511397
28568281
28373078
28832596
28336674
28800716
28533727
28537451
28628445
28779405
28302752
28609541
28363682
28439530
28780390
28590242
28893015
28543789
28819607
28500882
28597479
28351617
28362911
28502126
28897838
28899566
28869575
28697990
28899880
28627077
28746503
28514141
28874482
28426001
28527082
28591920
28867043
28453448
28423814
28626244
28836330
28623675
28411807
28774437
28892791
28541347
28539557
28380377
28785129
28708933
28733388
28662119
28662992
28789225
28617730
28591095
28817440
28744800
28507444
28797038
28559003
28470053
28310542
28336266
28491866
28739349
28474182
28374096
28883711
28488583
28302495
28320588
28547973
28466210
28440461
28830947
28521703
28594826
28560043
28749674
28625822
28625791
28772268
28877592
28718467
28595461
28873654
28503132
28322933
28389368
28822844
28467624
28789206
28907428
28883136
28835172
28481153
28382039
28765742
28433813
28860942
28531161
28837292
28587556
28357509
28543377
28699273
28507795
28613037
28687285
28506560
28353616
28374264
28623407
28786613
28846365
28453623
28348080
28862436
28788503
28606835
28810090
28421552
28646950
28744061
28348741
28558742
28522501
28348412
28781479
28891623
28817947
28899140
28323005
28394723
28903104
28676244
28363810
28400579
28635548
28727851
28801381
28899752
28358752
28837898
28594133
28602621
28669515
28845682
28478242
28692937
28708184
28360100
28341848
28431625
28503611
28523419
28642805
28877542
28455381
28397680
28493283
28577832
28765048
28862396
28613406
28476961
28531175
28750151
28311903
28830530
28566837
28641784
28421846
28368304
28770141
28797538
28773417
28605414
28703249
28875597
28896914
28856226
28760759
28459153
28889898
28887048
28517770
28467284
28889859
28858675
28655822
28843163
28847456
28769360
28887294
28594509
28471662
28326149
28863354
28584929
28589176
28566551
28366576
28725134
28727412
28546691
28348773
28889119
28846264
28606278
28777694
28358726
28703977
28530398
28392141
28797129
28693434
28516540
28730897
28581166
28559360
28454079
28686801
28685353
28546261
28346719
28304540
28472025
28378186
28743882
28506676
28563699
28560711
28652193
28407452
28798043
28598336
28324944
28764895
28460180
28326288
28364671
28671820
28578203
28471165
28772206
28576222
28312530
28788055
28572235
28447969
28889279
28880568
28354138
28513288
28386250
28886861
28387506
28322592
28511131
28531575
28497972
28538420
28729212
28718620
28550265
28659747
28484415
28741031
28792961
28417964
28354101
28592736
28637361
28380804
28653218
28379571
28371890
28535409
28345925
28397483
28774385
28576057
28614466
28558815
28340770
28720999
28413976
28721899
28577997
28470895
28692583
28554104
28339590
28572619
28619625
28739956
28587030
28420926
28554176
28839061
28385764
28604375
28638677
28491299
28595815
28635674
28502657
28424189
28568223
28780885
28768969
28693019
28445002
28322522
28878359
28495291
28694276
28341614
28520235
28712701
28709380
28389707
28685641
28690423
28767012
28662613
28746773
28404215
28430479
28361604
28432218
28633214
28870270
28774292
28761601
28654068
28635772
28313547
28526980
28904772
28492245
28800217
28524261
28579247
28796507
28724018
28619445
28618021
28320409
28851498
28382790
28809129
28523976
28329006
28695263
28432093
28430240
28688928
28401527
28435648
28821859
28458679
28692093
28884095
28690348
28671365
28898711
28533957
28907728
28486982
28454919
28809706
28541300
28479742
28586730
28362088
28600058
28641315
28746154
28532875
28373397
28650402
28411989
28659713
28889552
28675492
28513585
28715817
28720126
28804132
28451870
28407790
28413161
28691403
28361350
28804550
28822015
28795565
28540756
28822449
28592680
28402676
28552724
28767225
28395435
28552909
28809731
28652897
28406160
28345929
28534180
28907789
28338679
28756438
28693948
28607382
28597657
28856583
28453309
28686528
28525245
28395148
28699220
28460182
28744661
28534799
28686559
28795316
28587308
28703375
28761573
28518360
28905763
28425448
28525225
28525242
28677633
28654554
28873578
28787368
28322787
28533691
28849882
28486272
28448495
28602971
28838985
28601271
28338850
28363088
28401401
28796411
28417095
28332228
28337794
28327564
28455509
28481311
28841879
28464655
28439277
28732406
28449745
28528171
28804168
28826194
28436816
28861647
28551788
28418535
28339732
28881635
28788715
28897940
28615450
28617048
28679893
28713954
28438548
28339858
28788769
28594022
28568309
28305458
28420416
28552460
28903854
28622110
28369209
28500992
28825137
28538908
28368929
28704732
28652442
28622222
28424346
28488906
28440583
28386508
28485073
28767924
28505354
28376443
28859026
28628242
28541500
28350853
28881410
28405697
28681573
28843578
28302507
28767786
28767162
28663090
28328166
28381119
28454933
28328159
28798961
28837524
28486222
28431624
28818565
28853590
28714756
28389964
28670322
28315153
28694587
28350560
28468316
28731524
28721452
28663555
28823758
28388228
28379347
28706438
28632530
28318356
28525093
28411583
28401295
28652983
28664546
28558574
28338207
28749975
28602067
28308976
28388704
28391051
28561579
28396784
28680547
28772168
28313357
28588947
28328638
28888268
28429839
28619113
28530568
28415306
28590962
28557896
28626954
28790977
28860126
28885233
28710326
28729044
28648295
28776028
28894193
28771275
28327393
28643174
28585391
28830122
28576757
28819651
28463107
28323203
28584093
28830769
28635262
28583627
28778348
28702441
28833482
28458028
28822126
28745566
28528665
28466714
28717126
28509464
28690208
28467264
28732756
28498771
28717737
28700330
28695319
28685976
28496284
28673709
28403888
28373042
28370318
28480476
28537521
28720773
28775434
28800625
28431518
28506525
28465640
28599325
28790625
28437480
28817693
28381541
28858340
28479989
28830827
28379042
28546323
28491047
28441829
28497447
28680529
28351184
28423688
28526338
28686645
28772399
28526035
28355637
28321176
28731910
28602986
28660402
28553410
28716211
28608387
28783419
28343713
28435891
28651172
28487186
28908247
28527262
28905141
28380812
28569820
28539330
28856473
28456034
28817839
28614574
28582553
28510758
28421979
28878081
28477776
28840777
28416461
28365358
28877495
28496296
28594926
28572589
28551426
28715290
28881116
28784933
28796326
28663920
28725584
28550141
28771285
28631857
28359141
28597957
28357943
28869738
28673628
28637672
28710318
28485536
28654367
28557434
28544266
28903543
28857352
28662897
28306329
28718259
28381569
28466242
28429525
28848913
28850953
28829447
28534157
28883044
28841083
28519312
28580335
28698179
28609030
28755585
28399098
28870252
28603353
28356457
28525104
28873880
28482056
28643163
28492911
28307721
28443203
28700660
28907250
28552735
28351935
28480242
28610427
28770236
28326269
28637391
28317513
28683945
28420695
28878111
28305050
28630454
28686309
28520221
28807868
28617385
28325669
28740073
28362583
28686315
28324117
28699736
28484332
28569805
28606321
28882727
28770949
28407021
28628129
28859910
28746207
28667064
28350851
28833870
28824772
28375578
28694658
28511651
28658040
28477251
28474797
28701323
28760059
28855000
28717447
28797109
28762553
28729849
28661208
28658958
28593051
28426429
28850933
28879759
28822880
28843783
28357977
28805283
28872597
28442839
28327291
28361747
28640177
28648053
28837208
28731661
28604942
28748149
28444204
28811590
28771701
28842264
28773290
28885675
28654841
28799064
28597639
28608291
28719145
28348104
28867154
28569835
28873429
28828366
28838761
28787865
28425686
28398912
28890172
28507031
28811300
28402880
28381511
28595542
28705755
28604340
28726835
28371882
28741850
28590832
28478314
28319078
28668453
28775188
28312523
28598275
28469213
28337245
28828020
28620352
28369018
28584634
28607207
28481530
28825129
28335866
28699621
28848093
28488790
28456031
28603143
28889680
28650852
28338865
28500845
28679238
28647613
28722274
28685328
28377165
28726527
28357649
28803000
28539878
28579967
28794746
28448644
28444999
28360534
28851347
28360296
28622815
28770574
28382093
28778433
28726492
28538262
28832241
28754250
28740405
28550857
28676435
28604532
28585893
28776595
28680835
28773629
28812690
28564508
28488316
28515756
28688905
28687327
28365666
28528506
28607959
28529213
28887868
28837905
28395795
28600034
28396744
28316739
28677158
28367897
28563343
28527897
28740989
28543274
28827622
28803411
28857004
28885735
28750509
28653022
28509532
28521112
28501094
28818754
28621542
28423088
28456525
28439984
28679552
28578167
28545479
28754783
28357708
28447589
28874289
28528503
28509685
28462179
28671578
28511850
28790694
28727321
28867020
28853573
28899308
28368455
28639230
28546659
28840987
28618678
28493467
28441720
28639092
28341144
28753874
28631138
28482791
28578551
28386147
28717333
28332575
28388261
28773009
28725876
28581713
28308766
28507323
28611308
28589701
28685381
28401714
28613893
28893217
28815953
28668533
28400468
28901563
28794647
28841957
28557727
28617273
28682123
28869497
28424186
28453254
28422491
28614874
28729074
28602288
28568572
28537660
28682683
28834734
28736059
28498933
28724283
28635831
28401006
28741120
28810435
28498928
28403738
28422545
28573501
28803016
28882837
28373678
28807947
28891982
28609579
28411452
28735181
28409583
28325473
28707543
28688592
28426483
28410461
28511891
28719823
28535838
28662871
28453869
28433606
28647493
28754562
28790587
28441113
28436757
28398895
28427843
28355588
28506247
28306819
28642008
28461940
28432336
28518625
28621087
28488550
28830393
28624917
28790285
28632543
28871188
28857070
28463785
28442452
28501666
28660412
28314617
28908604
28578080
28889375
28384618
28840149
28536969
28477711
28787393
28555477
28688065
28595515
28508527
28568237
28486585
28380210
28866416
28568186
28898367
28551035
28863510
28864317
28662821
28624059
28449797
28873752
28432014
28421029
28862021
28332620
28752503
28345027
28341107
28725887
28620457
28750898
28764948
28411555
28569328
28661535
28735289
28493976
28856507
28553710
28870484
28374842
28799297
28496132
28511217
28597613
28620299
28726268
28479242
28727697
28866109
28342820
28370083
28472600
28513477
28726267
28473697
28568896
28765255
28904379
28848674
28766241
28656381
28775641
28745749
28695072
28836870
28866414
28742753
28351294
28822059
28862570
28396867
28531184
28413882
28545752
28660884
28322231
28309601
28473314
28500559
28815248
28618791
28581576
28564115
28796320
28341167
28696837
28680439
28632700
28396891
28484490
28666911
28838791
28535927
28544372
28566059
28521259
28656902
28594159
28864348
28318600
28399609
28603795
28710088
28548627
28626420
28766538
28438172
28498505
28599785
28884477
28663438
28680497
28524671
28751217
28868782
28499780
28693069
28598027
28800558
28357240
28686493
28869543
28642616
28666018
28317107
28508424
28471586
28581324
28712041
28550122
28554671
28503885
28853912
28606068
28481865
28635180
28895123
28454231
28454390
28380793
28429994
28310253
28644409
28333262
28393389
28435376
28640931
28411824
28342145
28370590
28365143
28660292
28597112
28527275
28579488
28795163
28359033
28557451
28308558
28564123
28560447
28837342
28307156
28352238
28428884
28799339
28838770
28775799
28381665
28334254
28877931
28817826
28882695
28381670
28669106
28642760
28723275
28682888
28494242
28497327
28751481
28502139
28615082
28623590
28439074
28372359
28491568
28632428
28569545
28815154
28373461
28894320
28476150
28813833
28745113
28382415
28783620
28546143
28532878
28777933
28352331
28588264
28466839
28662806
28316412
28569859
28673387
28810073
28304140
28367780
28891932
28462843
28857364
28842713
28874589
28487585
28894812
28450798
28438849
28863084
28710276
28402863
28525970
28707674
28550787
28459052
28442329
28614573
28461232
28335872
28595231
28775241
28306921
28823039
28766806
28593861
28730602
28624898
28888531
28408861
28348892
28337515
28716876
28390125
28808618
28453687
28668825
28886578
28580188
28385645
28741889
28517667
28409844
28698808
28827382
28445600
28906438
28791621
28553597
28493588
28542934
28346537
28421470
28658396
28343436
28327277
28817306
28776230
28636376
28813807
28380448
28884920
28415082
28538110
28430701
28640090
28707776
28686573
28465624
28313463
28617874
28350361
28733657
28503263
28313565
28488615
28483571
28437456
28513400
28439221
28381888
28355651
28636750
28653983
28511638
28580406
28672028
28342448
28796716
28540772
28305616
28590042
28533548
28567449
28457003
28672937
28357182
28615068
28667168
28430669
28326270
28353924
28336547
28561783
28846310
28665152
28517535
28775223
28374520
28459370
28434646
28719879
28628752
28500507
28458194
28440619
28804095
28774287
28587635
28517719
28508655
28607450
28467221
28440242
28666466
28700292
28630545
28333639
28399545
28516913
28713084
28510047
28320792
28381832
28399484
28357000
28797803
28527546
28905730
28367615
28579593
28734720
28591807
28798564
28775663
28756274
28836241
28618713
28567168
28467758
28676601
28371547
28803840
28473925
28847160
28476616
28564945
28485483
28391318
28585070
28491523
28618562
28579168
28626838
28777959
28606644
28884817
28446846
28378305
28897564
28372972
28488727
28868927
28753106
28481864
28378773
28791806
28812592
28789328
28492098
28721770
28758291
28577903
28473165
28496110
28641299
28464954
28398541
28368307
28688346
28352064
28403551
28355295
28310517
28750812
28704941
28853690
28536508
28522318
28375963
28680931
28844620
28451982
28506460
28597695
28761792
28515051
28337649
28730659
28685396
28731647
28906256
28722634
28674967
28749466
28454052
28364069
28824603
28783724
28366298
28409439
28375890
28674869
28697563
28809378
28590834
28344956
28425854
28381364
28498100
28610981
28488290
28707247
28681714
28895770
28520266
28781351
28343567
28878142
28550610
28688610
28888547
28336253
28600560
28508094
28829652
28794839
28531804
28902465
28506700
28395779
28630163
28384664
28419586
28640011
28606072
28527470
28771191
28469279
28441003
28652643
28511177
28686946
28887948
28323045
28664792
28736045
28578717
28671301
28592378
28570639
28876138
28711907
28608163
28801081
28525740
28460051
28350137
28701069
28863455
28881304
28648418
28474416
28673206
28439340
28868179
28444811
28669402
28542428
28710056
28341131
28607650
28557475
28386634
28793559
28759619
28823287
28674402
28497416
28428677
28598710
28747391
28318521
28651233
28662207
28619551
28639805
28776939
28700163
28851372
28585971
28408712
28453358
28343465
28408394
28443816
28532368
28556070
28569743
28445903
28382622
28647239
28663295
28791173
28492690
28660238
28715595
28642978
28380802
28375606
28886880
28350158
28612125
28339115
28504070
28554859
28624176
28721555
28556264
28414480
28864484
28673370
28718457
28549250
28459188
28751474
28623824
28767974
28809582
28477170
28513226
28641930
28732490
28427657
28524294
28644970
28330878
28820077
28732970
28392121
28641032
28532481
28493997
28847069
28373987
28550140
28426474
28822182
28487290
28487273
28328785
28551986
28855447
28373868
28462162
28547817
28533498
28732485
28585919
28401553
28842784
28364405
28721798
28784126
28312398
28335503
28517731
28578910
28870881
28623475
28627019
28651729
28303360
28789679
28576090
28523551
28797329
28304466
28436623
28472488
28819463
28528188
28359671
28746899
28397602
28614139
28902266
28886449
28365649
28481531
28613936
28747205
28351809
28363962
28682274
28491121
28898097
28718498
28560973
28531654
28651364
28380723
28873945
28344826
28829484
28536175
28431918
28567298
28634483
28466678
28455112
28834197
28756113
28519994
28533803
28474302
28652096
28837460
28429201
28407348
28456369
28600292
28373322
28444093
28793034
28905606
28500398
28635830
28601477
28320023
28797240
28821160
28525547
28780124
28370411
28333234
28358577
28722583
28307406
28753246
28560843
28696172
28634314
28741039
28409419
28375018
28615527
28561436
28306038
28431309
28512091
28335028
28782418
28602702
28489000
28302726
28592341
28566988
28323699
28682431
28900057
28453092
28430516
28420602
28438735
28543692
28574872
28422721
28880481
28484121
28631999
28755124
28726717
28657691
28834502
28663523
28813773
28355026
28444299
28659287
28337690
28846195
28870006
28641172
28578026
28355604
28647073
28474855
28803844
28614900
28511418
28595735
28531082
28744907
28832838
28543200
28830313
28775329
28430190
28616333
28738345
28542536
28357852
28878786
28304296
28405824
28360800
28407666
28643516
28567075
28311851
28383579
28885694
28500343
28439248
28355902
28876552
28467931
28421627
28665067
28461959
28333885
28864578
28524470
28722095
28840811
28825204
28494888
28794790
28310153
28376193
28335251
28825195
28559235
28643838
28537666
28714803
28618849
28496348
28352896
28340749
28847932
28825198
28596145
28369546
28852919
28865041
28465317
28695131
28771389
28766181
28368727
28458495
28734658
28323683
28626540
28645111
28568950
28367856
28690427
28869933
28313682
28357329
28438979
28666747
28485319
28747802
28562273
28424991
28804502
28370701
28663638
28314598
28488482
28513153
28770467
28680714
28817891
28785086
28770460
28625374
28782795
28735798
28392558
28527010
28862401
28394755
28473703
28460399
28603457
28558426
28755162
28395692
28306327
28680613
28737936
28791261
28699340
28503742
28587387
28837609
28689754
28736965
28906759
28328623
28742363
28848796
28772666
28482865
28767894
28885430
28448442
28310126
28605475
28646268
28681208
28350126
28784320
28514695
28516999
28582777
28908100
28502849
28737692
28723337
28908145
28842144
28639231
28734290
28348028
28427581
28638727
28661231
28571450
28643814
28754344
28765948
28421672
28398428
28454713
28716707
28662770
28747606
28426408
28372620
28511813
28392097
28837278
28304949
28669961
28538593
28308948
28303094
28854692
28656699
28821817
28493544
28317327
28573202
28814438
28842538
28806948
28621601
28811455
28726369
28792107
28425814
28571021
28704526
28725036
28715845
28467712
28581962
28448435
28908218
28627139
28403825
28695796
28848130
28713734
28494823
28700293
28838548
28583010
28897758
28630083
28347306
28408512
28453402
28812743
28378294
28318191
28307110
28806192
28590645
28464204
28384771
28332776
28853656
28709516
28892884
28584832
28619735
28359041
28491476
28832915
28899748
28308063
28857093
28443848
28866305
28397553
28365017
28780754
28321691
28564596
28544891
28839570
28366695
28863628
28528640
28672631
28515918
28860318
28691010
28435738
28881422
28659925
28618865
28502073
28784916
28692831
28562093
28316483
28661993
28750461
28659477
28535062
28526144
28425371
28615132
28538688
28410281
28765806
28559769
28685752
28850555
28476208
28734100
28767202
28833314
28379222
28785777
28602374
28599241
28407320
28672038
28310811
28884235
28332630
28883334
28394352
28317749
28863781
28582782
28675499
28605103
28708807
28401000
28372080
28431505
28679922
28334062
28548654
28876927
28486559
28564219
28865967
28739730
28482037
28558140
28549915
28333232
28421031
28800078
28537031
28590951
28399741
28613298
28352592
28561180
28674132
28404387
28672228
28563430
28821321
28726896
28878820
28530633
28355224
28715209
28375404
28776869
28728154
28688989
28813576
28678327
28772738
28679532
28886141
28580032
28888595
28353689
28573279
28889951
28819445
28569345
28429124
28893256
28733166
28582142
28772947
28436405
28626323
28710983
28330614
28886408
28692316
28670064
28847558
28347106
28631024
28753808
28646504
28386946
28495788
28730096
28871139
28431606
28578081
28411601
28623619
28710378
28486788
28901910
28377513
28461264
28508972
28767585
28527746
28825148
28842373
28655570
28517294
28849931
28679191
28830779
28707280
28665024
28388669
28668989
28741040
28725095
28849406
28878326
28775395
28549290
28685134
28509887
28540628
28797618
28370257
28833363
28790432
28616796
28675405
28347120
28304060
28350044
28436651
28473937
28555867
28901943
28447393
28399984
28565151
28819758
28516296
28858507
28769192
28446373
28489834
28412991
28567656
28453324
28420197
28535040
28385881
28399200
28555893
28872375
28584184
28888693
28640258
28829361
28357256
28641450
28696002
28836436
28375281
28586732
28550349
28841048
28832908
28628112
28734665
28825880
28647045
28762965
28425807
28651961
28619150
28687403
28488491
28689391
28603950
28371593
28631901
28747740
28828558
28476884
28592318
28857058
28413979
28900254
28432246
28699311
28908610
28733060
28807589
28383721
28642575
28882667
28791935
28533051
28588858
28738227
28581506
28481214
28733915
28811285
28585145
28609982
28434310
28467613
28689395
28777528
28414794
28673844
28526211
28744458
28338777
28651740
28668256
28442778
28608601
28356154
28907523
28871559
28535788
28552957
28730758
28640204
28662845
28318530
28608170
28576205
28731540
28901449
28678326
28776445
28503425
28439474
28390029
28366942
28654262
28696303
28659983
28533473
28631955
28757087
28830332
28446520
28537007
28557440
28837295
28470912
28688772
28777548
28822510
28425916
28773932
28467383
28886789
28597089
28536739
28609280
28302646
28722323
28480885
28881249
28417048
28501745
28410359
28888664
28751744
28907415
28905309
28422283
28477470
28722748
28851245
28474894
28650734
28453016
28899862
28805188
28527743
28634031
28556730
28778315
28459042
28851091
28605239
28862752
28594703
28757478
28890380
28655848
28348436
28653674
28354046
28316161
28884847
28630209
28594411
28540441
28784354
28426926
28860417
28315800
28750761
28396195
28475766
28689952
28609679
28446217
28754450
28746565
28478898
28817944
28644450
28673931
28326586
28362211
28487450
28573801
28621009
28846996
28495899
28493186
28871690
28446788
28403509
28471816
28662543
28401323
28533870
28903452
28674578
28569815
28901354
28667284
28734888
28588674
28347274
28806141
28700137
28457112
28663959
28368787
28356829
28672890
28365628
28621685
28753395
28431528
28814317
28669566
28806636
28480899
28445680
28862779
28452804
28849715
28779734
28656964
28427392
28732633
28465714
28425894
28755794
28900834
28699366
28865009
28724132
28454953
28499016
28381209
28374448
28847161
28851906
28812401
28739386
28353066
28416866
28365340
28728328
28833273
28436372
28497239
28846109
28338867
28458222
28761803
28848182
28515049
28517978
28648242
28582508
28732660
28655495
28432298
28336702
28378507
28633185
28711904
28313713
28421899
28440755
28364556
28799473
28369388
28518084
28404571
28747504
28342447
28469922
28546433
28701792
28540039
28352387
28818620
28445870
28462256
28594305
28457751
28469557
28560084
28504050
28876535
28504459
28791070
28804401
28723333
28674507
28778239
28490459
28314315
28820855
28725382
28670451
28740401
28878675
28691727
28402030
28343093
28496744
28434226
28746559
28868731
28324431
28706056
28810003
28515943
28745322
28650832
28372669
28530657
28867153
28505836
28500278
28643397
28442401
28607601
28409055
28334870
28792427
28889826
28755121
28785103
28370273
28907588
28824857
28567351
28718180
28873439
28786362
28436068
28864397
28328446
28414616
28379482
28716932
28693706
28480462
28886012
28617674
28615506
28477096
28405077
28727745
28711091
28677363
28595676
28817583
28650218
28623769
28631786
28425793
28638010
28867929
28359554
28739297
28594103
28779907
28321311
28843769
28375565
28389709
28387175
28599037
28529906
28706626
28575579
28781001
28684169
28747111
28740838
28498844
28490855
28357083
28649379
28734408
28508975
28510468
28356914
28723274
28846300
28523214
28723744
28453899
28622792
28614181
28394880
28797545
28479367
28871315
28320331
28748203
28463547
28345607
28863737
28538322
28601348
28370385
28691735
28402660
28494837
28727277
28873105
28774341
28322150
28668001
28860853
28738984
28678480
28365801
28566604
28505570
28691602
28746091
28590174
28507503
28424668
28881057
28760998
28408055
28426315
28488276
28466740
28607373
28397983
28605723
28585049
28390708
28367403
28684977
28619592
28842488
28356700
28629952
28473361
28906067
28904496
28782254
28352018
28628197
28888432
28806896
28335250
28354465
28633784
28683561
28456270
28691315
28426494
28890563
28573629
28327397
28823685
28453941
28830205
28717213
28407199
28370492
28415427
28796750
28413146
28321123
28460832
28326079
28520925
28471990
28388273
28394067
28788622
28690884
28790047
28427962
28621829
28804219
28320117
28466018
28845721
28564756
28652703
28432919
28438296
28735545
28515493
28339352
28874928
28640882
28353416
28654356
28447725
28370097
28552341
28623208
28373747
28780181
28683502
28352746
28432527
28746320
28764552
28369613
28319606
28309635
28602544
28452845
28653733
28424964
28580467
28895628
28393566
28895666
28351485
28838873
28668443
28431037
28505475
28517557
28810366
28804308
28382762
28366152
28502165
28774928
28487449
28779622
28803893
28326620
28577516
28810567
28329351
28857657
28795035
28557564
28324488
28416880
28390796
28538030
28870230
28709357
28406829
28764783
28795289
28906673
28890941
28845264
28634232
28576140
28456101
28702849
28561092
28541615
28739630
28797049
28895156
28390399
28545388
28882190
28651055
28516747
28874486
28332956
28450800
28580087
28855054
28820620
28539036
28674002
28775017
28772370
28778796
28504263
28817281
28728481
28494467
28343309
28506447
28480722
28375231
28457700
28889271
28447666
28799546
28836560
28851710
28529746
28790660
28414022
28871862
28741384
28369783
28629471
28892437
28701341
28440848
28605372
28711172
28680347
28708846
28405523
28358407
28331249
28785451
28483321
28656982
28706342
28873848
28703516
28704970
28433523
28819404
28464536
28703014
28501620
28764348
28467526
28378851
28718257
28480189
28452288
28770733
28755522
28386912
28659052
28332076
28824015
28314661
28508767
28317958
28761570
28352113
28682033
28363609
28741549
28530482
28344873
28875072
28302968
28360340
28415337
28360869
28496629
28891808
28315066
28314160
28345687
28322016
28376666
28334688
28549025
28692461
28387608
28409801
28840766
28528466
28712281
28737709
28383415
28355876
28757457
28892292
28804686
28784147
28532241
28639564
28620244
28435706
28328728
28682233
28487596
28508474
28628236
28691928
28693257
28616254
28632286
28845166
28545383
28369005
28753434
28789364
28624808
28383040
28469834
28303882
28646332
28899612
28810700
28546271
28619633
28877259
28350112
28838796
28618148
28802082
28349940
28585239
28618617
28455213
28457215
28844932
28861586
28591030
28822940
28734922
28792744
28435381
28367457
28817537
28736233
28499115
28475876
28786036
28347822
28426221
28595235
28338660
28479469
28651493
28410563
28407512
28646631
28828005
28522811
28483742
28827601
28337290
28562504
28324360
28659636
28324189
28773755
28661987
28646423
28523215
28307657
28832745
28538251
28756579
28611092
28819052
28826231
28408567
28646210
28655980
28417009
28631247
28582704
28882925
28633434
28631377
28740922
28871165
28443724
28469179
28553967
28330455
28518802
28553070
28492696
28733304
28885209
28381197
28547172
28306208
28502972
28788688
28498324
28728092
28672976
28845924
28391859
28549007
28825333
28518273
28772057
28573485
28322396
28602859
28635702
28337081
28668515
28510266
28655879
28855831
28846106
28775939
28724127
28406935
28589807
28773407
28632383
28546636
28768654
28655227
28843629
28572611
28501260
28721128
28463773
28332318
28742322
28686257
28370528
28682373
28569373
28345201
28879277
28816556
28853369
28599301
28563047
28445756
28578662
28434221
28550459
28768087
28406836
28711003
28816919
28375128
28526858
28747797
28890463
28305545
28589159
28570810
28349137
28405609
28330135
28751720
28741055
28476895
28461809
28680357
28425435
28555661
28549301
28772820
28848382
28898409
28362548
28843090
28768793
28638211
28778936
28829428
28744871
28331503
28547946
28727276
28675960
28692968
28410448
28442356
28615674
28765447
28446834
28769801
28889474
28873356
28754531
28670006
28432508
28801221
28810669
28669020
28836233
28737664
28479189
28715598
28324648
28820817
28552247
28671386
28700034
28763105
28594518
28328391
28655982
28314733
28470457
28844944
28612801
28472762
28736322
28481626
28620796
28511874
28601908
28894303
28864001
28658072
28486452
28864832
28672629
28442998
28302951
28542552
28468533
28556228
28432580
28808258
28325134
28779845
28753590
28757090
28736562
28743538
28766291
28599879
28801343
28580736
28456656
28631940
28367173
28573897
28888242
28740623
28855538
28313241
28805244
28390161
28654681
28465795
28528285
28329790
28657625
28464609
28845438
28809780
28503203
28864803
28388504
28718858
28589871
28462041
28703507
28756315
28878530
28690705
28642504
28578171
28402958
28651666
28715826
28500524
28401102
28442411
28627158
28487574
28561330
28841741
28809811
28900762
28652154
28809357
28883321
28838729
28557730
28712699
28795929
28451487
28644752
28418164
28456539
28629118
28854705
28699479
28315464
28323499
28668669
28641996
28635452
28334356
28454681
28824141
28728486
28578363
28325102
28580821
28633794
28388937
28778478
28906291
28589090
28499890
28630872
28696732
28853244
28407187
28547245
28796723
28431334
28333184
28655365
28529861
28744822
28713205
28664239
28713223
28331419
28337619
28412108
28338712
28600031
28727006
28735861
28504192
28574166
28391394
28451324
28597847
28565843
28544216
28520622
28327670
28749304
28713578
28647144
28858012
28669266
28740205
28565432
28405236
28766155
28858978
28639884
28314735
28630165
28482036
28884404
28467697
28681475
28339846
28903912
28900978
28725225
28611438
28495906
28613471
28677462
28876345
28466081
28851520
28527490
28333312
28477463
28647939
28341591
28870994
28608151
28756985
28511230
28846488
28565830
28351473
28362944
28826718
28707868
28716961
28658111
28704594
28636011
28593335
28370372
28898304
28709461
28734627
28613646
28487467
28691903
28758164
28811930
28826220
28396408
28562838
28422112
28814725
28521659
28392468
28742119
28625322
28734597
28713592
28735308
28721660
28873273
28501053
28662704
28528073
28594757
28382198
28660649
28506085
28474648
28539221
28352509
28619259
28498386
28421130
28436424
28552758
28513006
28892735
28473122
28775481
28410213
28737703
28585175
28406208
28471441
28614254
28533948
28567066
28593607
28564913
28402099
28811259
28799958
28731291
28847032
28422110
28780389
28555533
28836328
28348599
28364959
28483478
28454946
28405156
28469252
28366468
28868418
28396046
28649637
28391981
28772719
28645321
28896950
28856645
28894912
28311774
28416334
28459181
28752281
28576028
28772139
28399978
28880123
28574841
28880687
28665577
28598846
28787583
28318967
28365613
28648784
28637103
28649413
28884599
28329041
28778006
28738111
28619965
28545505
28707392
28445444
28647910
28674370
28371334
28307303
28634621
28399595
28559384
28560435
28516706
28885150
28575125
28559318
28552679
28461023
28545485
28860710
28625451
28484780
28543160
28688734
28668490
28859623
28840755
28736419
28635709
28907754
28316181
28655614
28835650
28877621
28419006
28681965
28776758
28719835
28397074
28665283
28666304
28420307
28820684
28896978
28707044
28583421
28396453
28521677
28608185
28893044
28863139
28615174
28636905
28484599
28529721
28848340
28580667
28694379
28453273
28345873
28388859
28860943
28596266
28392038
28492284
28757268
28727778
28515916
28437514
28463826
28454187
28661758
28419842
28843434
28661281
28726795
28681692
28400965
28443004
28676477
28453551
28811464
28351986
28473639
28846586
28646243
28367090
28322604
28802935
28744101
28829996
28854602
28502002
28797513
28329415
28369308
28734648
28860517
28607070
28572172
28630189
28430634
28793028
28644549
28310488
28517299
28550029
28587298
28900275
28489297
28523295
28326659
28533416
28736584
28581635
28528977
28659879
28454609
28607901
28414864
28806313
28581159
28876839
28629549
28742838
28688295
28474767
28502475
28558126
28750894
28333853
28846881
28451105
28792779
28579941
28417024
28581628
28607860
28839948
28685864
28447434
28685270
28732989
28482771
28891930
28631903
28669904
28687103
28371307
28366895
28849158
28379133
28719367
28395577
28691631
28563216
28458773
28307454
28845750
28901223
28558657
28883893
28897166
28539422
28412353
28305473
28378854
28892917
28524071
28495684
28527971
28332368
28819788
28668029
28312304
28596735
28408340
28901267
28718845
28405033
28373516
28571000
28660171
28414025
28843735
28455343
28314916
28800239
28642446
28717186
28412881
28786108
28683448
28841949
28320256
28666450
28665680
28433591
28732993
28827819
28453847
28309804
28602737
28440646
28767706
28329218
28601414
28904809
28650388
28841067
28769349
28737920
28758104
28537297
28652378
28331783
28871159
28537980
28845908
28494215
28771557
28853095
28778773
28729772
28832425
28634337
28870136
28674228
28610321
28419136
28639848
28763591
28672449
28430782
28737243
28509998
28713963
28853210
28750860
28472447
28687299
28665214
28866950
28814823
28880570
28554822
28728174
28387063
28783798
28446941
28533992
28329414
28715350
28541375
28721114
28442544
28781167
28571761
28755445
28570256
28653080
28483445
28745261
28651218
28656209
28704347
28535846
28630970
28746632
28382314
28709109
28779820
28754325
28846375
28475552
28725040
28769051
28443478
28393061
28557543
28675419
28667670
28761387
28534062
28606679
28326761
28617634
28722555
28816486
28768456
28789283
28455150
28511620
28890904
28587194
28630389
28322823
28679935
28709428
28438000
28833413
28341207
28777974
28532968
28697237
28413837
28716495
28499361
28387410
28333596
28528542
28787223
28907919
28862839
28589935
28847974
28859507
28389537
28723671
28882447
28582249
28706531
28714323
28363934
28348838
28869559
28689971
28857907
28486644
28520340
28419080
28376257
28328407
28842163
28537008
28875080
28702774
28377028
28871826
28325549
28777603
28625323
28440759
28329946
28795538
28565182
28723977
28335073
28689706
28627889
28500133
28780195
28480266
28495374
28609078
28342083
28503069
28740671
28618497
28693597
28396527
28522828
28421162
28861165
28847265
28592871
28855816
28419836
28361556
28413773
28561637
28640355
28531669
28487908
28515621
28308850
28690945
28314131
28623846
28689036
28594152
28523755
28427547
28851352
28843968
28331383
28837454
28420954
28646970
28441452
28895198
28407105
28494078
28858131
28789194
28695806
28579023
28641588
28493328
28326866
28656460
28559207
28662075
28791575
28645057
28841005
28551397
28404969
28485013
28802032
28648111
28472608
28528225
28885873
28866616
28848174
28368911
28838803
28780421
28907483
28827721
28826408
28344617
28863064
28639332
28315945
28386302
28721520
28459663
28539929
28900092
28851112
28338825
28439219
28610490
28661720
28649398
28354449
28473150
28412902
28833101
28468368
28665756
28608081
28347301
28338512
28360857
28615570
28528630
28618775
28498372
28344018
28788297
28805724
28739188
28371935
28739016
28654433
28756412
28427810
28722347
28905408
28499104
28855360
28887085
28670833
28490833
28684877
28621961
28679989
28350892
28829810
28899172
28567346
28774460
28388098
28895464
28596175
28608947
28564411
28359798
28531441
28600608
28459182
28597504
28793779
28815573
28533029
28458205
28402470
28345044
28680100
28459441
28303088
28657768
28667617
28763528
28353321
28746691
28506821
28556507
28354404
28353953
28596733
28573029
28513397
28870447
28424882
28520239
28669274
28783359
28444075
28538970
28813942
28677177
28403921
28328080
28783759
28411736
28691666
28451864
28427523
28385941
28686902
28890145
28605693
28633556
28365172
28401757
28831665
28333136
28405327
28822340
28685106
28334766
28377193
28419504
28340571
28467940
28330760
28663849
28678584
28414679
28828129
28479222
28418256
28575615
28396754
28779055
28814712
28639478
28536163
28854560
28756772
28553580
28326137
28429023
28897402
28557116
28470192
28778185
28699060
28894454
28559095
28379811
28877704
28756590
28623088
28609792
28707270
28805587
28462495
28574716
28760526
28437986
28662271
28890040
28667531
28801667
28656447
28473477
28891628
28638834
28629466
28437318
28761703
28642346
28403254
28906382
28502860
28591693
28523516
28609055
28542850
28348592
28855286
28536846
28399619
28683611
28548043
28793533
28387550
28717599
28705752
28613211
28791643
28549029
28517601
28394932
28725608
28527595
28432065
28713119
28330631
28373217
28499755
28699985
28327660
28861335
28724175
28455834
28717081
28800689
28402871
28581244
28420458
28612905
28639652
28590760
28497808
28762131
28325872
28359616
28567325
28717078
28797029
28404029
28585741
28315438
28378345
28588790
28411899
28735064
28644034
28701790
28516282
28661362
28503517
28316115
28465190
28863053
28866896
28350313
28754858
28433912
28800554
28684403
28835618
28712497
28382200
28648916
28608140
28441870
28618195
28875015
28861829
28591146
28635362
28673802
28740348
28467956
28512086
28514430
28701384
28732277
28802335
28749172
28830494
28626868
28347734
28887611
28691221
28795148
28373077
28673073
28705333
28649681
28465551
28451537
28699586
28872241
28828476
28365498
28814091
28341781
28385499
28738313
28551016
28844854
28508681
28599962
28759506
28654506
28414964
28876150
28609701
28452220
28904196
28437420
28773239
28547934
28579228
28402672
28420471
28373625
28486132
28854125
28774489
28626450
28476059
28390030
28647002
28621126
28476611
28418147
28590546
28642958
28339389
28821115
28823514
28308456
28670945
28668019
28821545
28859605
28897760
28622500
28586756
28900201
28363515
28806115
28371254
28855281
28908251
28487362
28805160
28806546
28337432
28903320
28344976
28680237
28881009
28797951
28848944
28660088
28498515
28887801
28499933
28610634
28804037
28648493
28869690
28734472
28767793
28848593
28762976
28775309
28755017
28318856
28884032
28892761
28479643
28336799
28522636
28674546
28567586
28378858
28688370
28510673
28517706
28805928
28871664
28510851
28586783
28491218
28846912
28813298
28482399
28871561
28608354
28666802
28568204
28774479
28723292
28678351
28459186
28554818
28614807
28462775
28821401
28842762
28485172
28472545
28348562
28810001
28510087
28342992
28544042
28343821
28687753
28333124
28381810
28363017
28792358
28784562
28641115
28638746
28691032
28544607
28792774
28308362
28712802
28744565
28591285
28386138
28842599
28555360
28580669
28420280
28380791
28658055
28436939
28485049
28787048
28610601
28481862
28748447
28629652
28375742
28652912
28727997
28316084
28452576
28411398
28621101
28390265
28755230
28876907
28602464
28686082
28811567
28851765
28439456
28719699
28496189
28535951
28816681
28659377
28377227
28759228
28309604
28784896
28485749
28772340
28752998
28532185
28310192
28678048
28770552
28855915
28670781
28435019
28783700
28535743
28600940
28324411
28493836
28681238
28304008
28677395
28708818
28403173
28430687
28742479
28851537
28483774
28892596
28751060
28604808
28667441
28413810
28515066
28487415
28637772
28462351
28670903
28804992
28666410
28337518
28452862
28744964
28660382
28902954
28506357
28725336
28678200
28356299
28382867
28550797
28578667
28434527
28781799
28468653
28769471
28707391
28732185
28842043
28326077
28397102
28741584
28900056
28768787
28537688
28808507
28656226
28882282
28314093
28856625
28842147
28861644
28390548
28342791
28493745
28391378
28688889
28864175
28679426
28768222
28707152
28854789
28622758
28399252
28740817
28309795
28779852
28820745
28735299
28787265
28343558
28666814
28519808
28313180
28501641
28617201
28854738
28732842
28726793
28755817
28701134
28478943
28660338
28654235
28506444
28877986
28806434
28707529
28573870
28715267
28844879
28817564
28885833
28856667
28620345
28834697
28851038
28564976
28311148
28437510
28336930
28313643
28564359
28523739
28757959
28526676
28825882
28770861
28562183
28568846
28815031
28315923
28723570
28658552
28338803
28731500
28548720
28444063
28908381
28704781
28736916
28666552
28856298
28347198
28485964
28606018
28321315
28533649
28419656
28520527
28339492
28822003
28399403
28586489
28380522
28773547
28845579
28506481
28726673
28686598
28650201
28517570
28824025
28598223
28559138
28378124
28762981
28583705
28380091
28907322
28597622
28534246
28719429
28365997
28886606
28341970
28777170
28899530
28492115
28886099
28575561
28649270
28535387
28547615
28842427
28752632
28755132
28674039
28443839
28731357
28598817
28346765
28591076
28497698
28612772
28495447
28386965
28713434
28447149
28520598
28468360
28684138
28604694
28523272
28882538
28863340
28685690
28840727
28347813
28862279
28877571
28759486
28816262
28729767
28723512
28793227
28513528
28320244
28744874
28672159
28625805
28706425
28411632
28841690
28820618
28662696
28473488
28654326
28311061
28476712
28456485
28506428
28523221
28816493
28445238
28444433
28351566
28882723
28790504
28439500
28503942
28401946
28582234
28515758
28904674
28381308
28728288
28708004
28771938
28423170
28886998
28432481
28574117
28706402
28693376
28350763
28724529
28731522
28410511
28370067
28777950
28767751
28663716
28752149
28319685
28634221
28866982
28313505
28378720
28331458
28675495
28513817
28579764
28710080
28718934
28439742
28448665
28387602
28439555
28356362
28696609
28675563
28484877
28778590
28336791
28369414
28735147
28482880
28771707
28432646
28640040
28428211
28784221
28337109
28345491
28831784
28724983
28333237
28498598
28464403
28305869
28772762
28583591
28345404
28764871
28364610
28873850
28566324
28430316
28402842
28519902
28481772
28594361
28738613
28441759
28759958
28802234
28594530
28732935
28369965
28320099
28351038
28563658
28651372
28389279
28663114
28709455
28787012
28428825
28832882
28799223
28862384
28342811
28769806
28364398
28391385
28721781
28696387
28622614
28648457
28336715
28784549
28303412
28897185
28794021
28390520
28654072
28346635
28586675
28687278
28547773
28628157
28852953
28748477
28315900
28422960
28491060
28618933
28689613
28757373
28325682
28789494
28856163
28483590
28907908
28697735
28304870
28435998
28529321
28764416
28316726
28587537
28697473
28442193
28767519
28474553
28370364
28585466
28690709
28390697
28854566
28627877
28654921
28488270
28839700
28660732
28314672
28529822
28365115
28323077
28800397
28830491
28495815
28353512
28310863
28895028
28812635
28359440
28545629
28416458
28517753
28799538
28676487
28646889
28843618
28469581
28735313
28866121
28582748
28375876
28344176
28436765
28777298
28500909
28479638
28524784
28438944
28699242
28659161
28415140
28316657
28434617
28824259
28641835
28803358
28701798
28334298
28525792
28755972
28715600
28764599
28331064
28425996
28397568
28438294
28645181
28656517
28707673
28580692
28410012
28338988
28437381
28486320
28793297
28680400
28539647
28897500
28603138
28688208
28532167
28356552
28519263
28473012
28827422
28689593
28712581
28806773
28768847
28493650
28730547
28810675
28670142
28811212
28626435
28490536
28318380
28650229
28369413
28403003
28320445
28461432
28745676
28437843
28785399
28737728
28422226
28501342
28501819
28802320
28674742
28715869
28623928
28735983
28535993
28569085
28888681
28525453
28313061
28655684
28843105
28834268
28493241
28675966
28895287
28548364
28328576
28317750
28342303
28647524
28424076
28626202
28363565
28722791
28790441
28716307
28636589
28640378
28848479
28355338
28506564
28443972
28790102
28638203
28775943
28907851
28814986
28802652
28645363
28446926
28324232
28802271
28824304
28836355
28470403
28530112
28572820
28846432
28390558
28629607
28318045
28486911
28318584
28534385
28826432
28763843
28355016
28307893
28486055
28702313
28756722
28658994
28599322
28767904
28876575
28812082
28716696
28305252
28808210
28595430
28510445
28638703
28341264
28607850
28535886
28542489
28524295
28885053
28629073
28365205
28639919
28839521
28848319
28343531
28456018
28453787
28805445
28779374
28479221
28499403
28882937
28586591
28340103
28906499
28360498
28782839
28747455
28858935
28384965
28390023
28648810
28504816
28863010
28557205
28826289
28408416
28766433
28755758
28458994
28609201
28657141
28600896
28677998
28733246
28594032
28415778
28730307
28773466
28866972
28741865
28856306
28509876
28369443
28745740
28897378
28628284
28636287
28804358
28518198
28597179
28406490
28487842
28768068
28770942
28410502
28756842
28451436
28844934
28495391
28666873
28335192
28635906
28425928
28568419
28580732
28638078
28346744
28902061
28370208
28638417
28662310
28380066
28699745
28789700
28398461
28846628
28808818
28411334
28543568
28863485
28853661
28541722
28798954
28743647
28591180
28445241
28528332
28858277
28364748
28499917
28363444
28608966
28311536
28506520
28833410
28459530
28464266
28775163
28666742
28460796
28472642
28843538
28791280
28522741
28810402
28747845
28618316
28562964
28866398
28840197
28355975
28731878
28659322
28346690
28453765
28343053
28718157
28741269
28497488
28382338
28575234
28326029
28651518
28440742
28609090
28822673
28520052
28715189
28840015
28560096
28813040
28340336
28844838
28741841
28855051
28698794
28557924
28682445
28337982
28375813
28841920
28347603
28373506
28477005
28750083
28795876
28715837
28832525
28417196
28683123
28418825
28793177
28491472
28835637
28877399
28370397
28892170
28409888
28843511
28816990
28416986
28386784
28517989
28803268
28344995
28440018
28309661
28849533
28848779
28554153
28470525
28519459
28344712
28445052
28716588
28535921
28346016
28872003
28568036
28866143
28572356
