Person
28927369
28953913
28926586
28936869
28972015
28918524
28950297
28970399
28930394
28938274
28974374
28982075
28928220
28944669
28942825
28980395
28969111
28928644
28922554
28924003
28922195
28934307
28944723
28940060
28944889
28977745
28918029
28937482
28948807
28960948
28926432
28927584
28944952
28978456
28917888
28978638
28920090
28918071
28932697
28967879
28917766
28931606
28964913
28981802
28917495
28975028
28930399
28954889
28931543
28950866
28937801
28976388
28959131
28943863
28971116
28928736
28934238
28981036
28955379
28935911
28939103
28981501
28965384
28941068
28969343
28981606
28941849
28963856
28934836
28977940
28941658
28973977
28965746
28971426
28928240
28982980
28925072
28934130
28969439
28950366
28965977
28961398
28938422
28930248
28965601
28937225
28924560
28949267
28944476
28982046
28936600
28954551
28967739
28932452
28944979
28979017
28962321
28974565
28945113
28945374
28960137
28927610
28940739
28946792
28958329
28935710
28932302
28952512
28977398
28918695
28975070
28953865
28971043
28971857
28966754
28922331
28978986
28932255
28979912
28973130
28951506
28937452
28923447
28929980
28948259
28944047
28964001
28933545
28977584
28975864
28962426
28933266
28921510
28922125
28955391
28952248
28969668
28919091
28959248
28955304
28947815
28918452
28944513
28951402
28957617
28978544
28951013
28963543
28932627
28924652
28920982
28970153
28944070
28923672
28924772
28962915
28928485
28923786
28963237
28969490
28979676
28981590
28972622
28927655
28934935
28922488
28937310
28932516
28922397
28936424
28923276
28975847
28957081
28920986
28942678
28941354
28964261
28959544
28968063
28950277
28975958
28968575
28940859
28945195
28952673
28963002
28946292
28952597
28950956
28967417
28960742
28951885
28930929
28957707
28974921
28917487
28974850
28979593
28926238
28965438
28934920
28974594
28923733
28966080
28933757
28978914
28934350
28955007
28931748
28923333
28956171
28932613
28975826
28965541
28917154
28921469
28937864
28953403
28977785
28975431
28931893
28954529
28941618
28978810
28928733
28960810
28960297
28971215
28971431
28964037
28934181
28976017
28960552
28930911
28953508
28944837
28947667
28963194
28972743
28955911
28940528
28968843
28970392
28967486
28920801
28946021
28950802
28926531
28972751
28976065
28948500
28945299
28957292
28917279
28945586
28954455
28979031
28982940
28939608
28946183
28968747
28943876
28932719
28958918
28935674
28980350
28929972
28928957
28943881
28925655
28979231
28962980
28966328
28962223
28976302
28950882
28924076
28945219
28967511
28964863
28981360
28963823
28958774
28926594
28928016
28922938
28955568
28937214
28924562
28971844
28943301
28931772
28973225
28973115
28957398
28970739
28920727
28927952
28963863
28955342
28981483
28936824
28930118
28961842
28942894
28969906
28945050
28966587
28936255
28962009
28924868
28979133
28967845
28946817
28974140
28974735
28939984
28919695
28950381
28956205
28939650
28953251
28968574
28951808
28939271
28926494
28931187
28953436
28982554
28972971
28973725
28924599
28940458
28929221
28958225
28948814
28937381
28938155
28919048
28929197
28967060
28922243
28948886
28928306
28944168
28973256
28920915
28969724
28936238
28920884
28924669
28978511
28922213
28941772
28923623
28947692
28938169
28966119
28929886
28919438
28964972
28962184
28948629
28969802
28926358
28979643
28935827
28948202
28939792
28955639
28979845
28960277
28940401
28969411
28945076
28975554
28933652
28952250
28964267
28936535
28945232
28921957
28966354
28950620
28979888
28927501
28971456
28940976
28954168
28961181
28938403
28960719
28944377
28971436
28972375
28939781
28958403
28947555
28935892
28922440
28958107
28958591
28952921
28962620
28955726
28977377
28941942
28951676
28979876
28959018
28933061
28940030
28969885
28982497
28942398
28929874
28938223
28935857
28921027
28918662
28939225
28981552
28923042
28980031
28920376
28950436
28962249
28957439
28980084
28960018
28917070
28937692
28918243
28925866
28963368
28929268
28950749
28933600
28956765
28965316
28918361
28959760
28976067
28931706
28934641
28943192
28967954
28922435
28932648
28964828
28928914
28917420
28916965
28965924
28935962
28933188
28953397
28925254
28928573
28970363
28955098
28924111
28975628
28968131
28979281
28920779
28934948
28947817
28965627
28925949
28959085
28956468
28942377
28952032
28929686
28940847
28950893
28921175
28925955
28954074
28963808
28970985
28977168
28923387
28921804
28937605
28973449
28947909
28955610
28932563
28925159
28936590
28931645
28950508
28951127
28958831
28932227
28977210
28947329
28958167
28925034
28951500
28961641
28917922
28942322
28922261
28919334
28962714
28926409
28933691
28944730
28974572
28976988
28934383
28978873
28959621
28969874
28966036
28941560
28933322
28934310
28968930
28949774
28939733
28965693
28974830
28919183
28953129
28953188
28970434
28976220
28924680
28962703
28931129
28941787
28940386
28959519
28931842
28968542
28929601
28918835
28924147
28960952
28976168
28923671
28951773
28963482
28929022
28955158
28923806
28944405
28967512
28940031
28960848
28975743
28942014
28976693
28957473
28972841
28920348
28919072
28919041
28981713
28925506
28967735
28957507
28963748
28943513
28955889
28970329
28936992
28968079
28967779
28937284
28929338
28978420
28981062
28924797
28954538
28968095
28963313
28944130
28932069
28973116
28952594
28920458
28926634
28932448
28962066
28935277
28933304
28981567
28955815
28968571
28973365
28966863
28970730
28932545
28964236
28936566
28935001
28980734
28938499
28950885
28919501
28942946
28977204
28922392
28949059
28953762
28970850
28980612
28943811
28973931
28966837
28945911
28921907
28930348
28979652
28977358
28923379
28977272
28960653
28918261
28957624
28958594
28947564
28927100
28971667
28959176
28921416
28971199
28960826
28936805
28965930
28918378
28926391
28976748
28937705
28931034
28970305
28980456
28966749
28955297
28941473
28976060
28944501
28971486
28982582
28950853
28961087
28956147
28940246
28941278
28925991
28960594
28962626
28926105
28968824
28924668
28950176
28949568
28979431
28962486
28957072
28961342
28951492
28947955
28923513
28969645
28949782
28923900
28963963
28981504
28982365
28947269
28981644
28954488
28962074
28920245
28958214
28955409
28959505
28942323
28959827
28922999
28979520
28947176
28937514
28922466
28920255
28964983
28947704
28966057
28953515
28934085
28918622
28917542
28956901
28930272
28977995
28918351
28950912
28918818
28980530
28962856
28958218
28922080
28926005
28976901
28972980
28957184
28926185
28969454
28948234
28975422
28921466
28941562
28971038
28954141
28951909
28921611
28919055
28976266
28939655
28949124
28971837
28969502
28945293
28921269
28947708
28968187
28921467
28944786
28939021
28924768
28958129
28924763
28973444
28928857
28928888
28978807
28971730
28973232
28926335
28979965
28982750
28944035
28968365
28965147
28954516
28955587
28954563
28930768
28968013
28970758
28956437
28943873
28948323
28949132
28926046
28955089
28941331
28934517
28963862
28958490
28934996
28978821
28936601
28922742
28962570
28956940
28917071
28934693
28979352
28923867
28973179
28931230
28925596
28946598
28934099
28977879
28918786
28931333
28948345
28963205
28944775
28935811
28961285
28933783
28960449
28973439
28933967
28980840
28963180
28954371
28948180
28922970
28963608
28953298
28954840
28949962
28918318
28942882
28925075
28955684
28920183
28957982
28959014
28943769
28926213
28929289
28943267
28951437
28970571
28949550
28924355
28926886
28955799
28973366
28950286
28978147
28927160
28981792
28964701
28940644
28961179
28974488
28973370
28978165
28921409
28937790
28970318
28946206
28978069
28982540
28919060
28976983
28930624
28971826
28974163
28936812
28924673
28917243
28944736
28945013
28975001
28969259
28982175
28933531
28964354
28918986
28982422
28976657
28971606
28967282
28965067
28918891
28923964
28954552
28950405
28950823
28976808
28948899
28961446
28935184
28948036
28919716
28931561
28926551
28980382
28954292
28932533
28923722
28978949
28963552
28973874
28964477
28940077
28943744
28949924
28955943
28919702
28919085
28932072
28980380
28978530
28931966
28971545
28955808
28970375
28920538
28970560
28932601
28918380
28923602
28963661
28940518
28978208
28928313
28928381
28948536
28918040
28918698
28922197
28982907
28981489
28951057
28949224
28979591
28940356
28949446
28918415
28926342
28946452
28964263
28964964
28952551
28930036
28918124
28955233
28973947
28937037
28976682
28920311
28972281
28969205
28973379
28954364
28929450
28959910
28929819
28954483
28950653
28941386
28948787
28918109
28921449
28975525
28924005
28980075
28947290
28975508
28948225
28972623
28918153
28965354
28928438
28951227
28969174
28939072
28955281
28950214
28974548
28975259
28929937
28967844
28981424
28948121
28939474
28957821
28954032
28934055
28934513
28980107
28922326
28973332
28965869
28956370
28963895
28941365
28953137
28938189
28976336
28944919
28939953
28973037
28936982
28944956
28938864
28962073
28935975
28933604
28973443
28920611
28935762
28940348
28932905
28939165
28950775
28971023
28923469
28955593
28973376
28959977
28948010
28967181
28956630
28928873
28946163
28965674
28982829
28973908
28919610
28917816
28928472
28951002
28970561
28946899
28969558
28938674
28946078
28941583
28978989
28925980
28944960
28931335
28953143
28937550
28976482
28948247
28942965
28974353
28970346
28943207
28922010
28926793
28978318
28922582
28964785
28975689
28923645
28979475
28936246
28969537
28943854
28928610
28965169
28979873
28950811
28917525
28924058
28965482
28973023
28966972
28926877
28967709
28973970
28937996
28951447
28943848
28965950
28949835
28931232
28981841
28964237
28946076
28969460
28963493
28917831
28963083
28979880
28979026
28941788
28934791
28961539
28958466
28918252
28938059
28941001
28960343
28953860
28927769
28929263
28973399
28976534
28965749
28970288
28942581
28923594
28936596
28938701
28937940
28973043
28923620
28947637
28929732
28941564
28974902
28942847
28953781
28964502
28944158
28954055
28925724
28965191
28933013
28954640
28928297
28974600
28946170
28940529
28955876
28963489
28953026
28943098
28926344
28933733
28917928
28936435
28925733
28919647
28933205
28964387
28948928
28953594
28966552
28972194
28931997
28961590
28937517
28917856
28925674
28935613
28962649
28982626
28948736
28953896
28954098
28970508
28946166
28971461
28919207
28930418
28945578
28932892
28942509
28924544
28942816
28918580
28973610
28947978
28973598
28977886
28974523
28972301
28938283
28917048
28924229
28975873
28925743
28977414
28947055
28926084
28958012
28975312
28960787
28940509
28963848
28982684
28960147
28928643
28975709
28950026
28970133
28924825
28979694
28978909
28922309
28958595
28948189
28957244
28945702
28980398
28921522
28919304
28927023
28975548
28940294
28961530
28936058
28981033
28934956
28982864
28981671
28934044
28971574
28970988
28967124
28925680
28973301
28952843
28938984
28941629
28970171
28938852
28952873
28940084
28954557
28950035
28954305
28952142
28962697
28932193
28954394
28978119
28982773
28975274
28918189
28969184
28937646
28930019
28926285
28917964
28951626
28959571
28944694
28949109
28981484
28922084
28950948
28929530
28947186
28922801
28941041
28969700
28957065
28953493
28938196
28930888
28941006
28961399
28972918
28978710
28921596
28934106
28941541
28956868
28940675
28982712
28928169
28925758
28928931
28929379
28974483
28948275
28943263
28953916
28933312
28969902
28943121
28959558
28958686
28982494
28933435
28944654
28971659
28956060
28922249
28964953
28930958
28962582
28981274
28949122
28975027
28977885
28919497
28972525
28934917
28959302
28960718
28980463
28944484
28950614
28918950
28951142
28925080
28977197
28963731
28966817
28979585
28924509
28923169
28962240
28946456
28976805
28966422
28923068
28966501
28977463
28952063
28939858
28924856
28968253
28927800
28919386
28978098
28974790
28959880
28946999
28960176
28921489
28964475
28933564
28971854
28975617
28951668
28946783
28968291
28958519
28922669
28937702
28956371
28932634
28962981
28967242
28975934
28922464
28980105
28941010
28963852
28970452
28979183
28947614
28923196
28966402
28946441
28925857
28959231
28959797
28963279
28970799
28980166
28937020
28980528
28958032
28919446
28924718
28966600
28926290
28972813
28948369
28964642
28953949
28918321
28928689
28966574
28971022
28963162
28920719
28961583
28978963
28925152
28938268
28977498
28955230
28919873
28918787
28981051
28937219
28917955
28965226
28976583
28934341
28927049
28947383
28918122
28927360
28919781
28972495
28968770
28947669
28965946
28924425
28928548
28932643
28944221
28916982
28952987
28940230
28926421
28922211
28932957
28980410
28969855
28928694
28963154
28969538
28935405
28935293
28975625
28956757
28977875
28953757
28962992
28982284
28963682
28929856
28917278
28980002
28919059
28918673
28967138
28926215
28921005
28948644
28947073
28965936
28965358
28918796
28927834
28953323
28950955
28949719
28939450
28927508
28970862
28960951
28967293
28961702
28921808
28935548
28920106
28938762
28928910
28966331
28927931
28970544
28952553
28971281
28960439
28928111
28967427
28930520
28936339
28980784
28955171
28946031
28938167
28966708
28964718
28940311
28964833
28929179
28920623
28926071
28951060
28963756
28917644
28979437
28940916
28982222
28926824
28944912
28941785
28921705
28942576
28917291
28952980
28927471
28920165
28968071
28947913
28937552
28929915
28979637
28949904
28968601
28941277
28954037
28926996
28942393
28936126
28957453
28942453
28951196
28954289
28945538
28936399
28957738
28964032
28964684
28971543
28956595
28958843
28927018
28947634
28926928
28957276
28962079
28945941
28932669
28931597
28960440
28925793
28951141
28934753
28922046
28977901
28980916
28953048
28972158
28958878
28929875
28935451
28975480
28944478
28919481
28919980
28949159
28979698
28955062
28932451
28921056
28962225
28969969
28951842
28950990
28944382
28926807
28954587
28917501
28980173
28943141
28968152
28969422
28979062
28941341
28940579
28924527
28942075
28962648
28958076
28937081
28961339
28923240
28963750
28957517
28922940
28931892
28937288
28961886
28918794
28956230
28965352
28982197
28934472
28918496
28947468
28927075
28953556
28937688
28979737
28938815
28964788
28962264
28978028
28961939
28922748
28935690
28939159
28935824
28978435
28970354
28973533
28971584
28954582
28968300
28961217
28939441
28962538
28927751
28965903
28971621
28929056
28942558
28970387
28956308
28954843
28927228
28947043
28961231
28930691
28940264
28928747
28919448
28964172
28938959
28924186
28968137
28950400
28980768
28980910
28930304
28956258
28956535
28982309
28929171
28974200
28933575
28962506
28929038
28979948
28939179
28960313
28935547
28923466
28979170
28942002
28934722
28939465
28922907
28930551
28942137
28922726
28930964
28918611
28936999
28948663
28921045
28980752
28935947
28933782
28950194
28957357
28934301
28955389
28961534
28922352
28932674
28978316
28935707
28952293
28939256
28977787
28953271
28976751
28945006
28966087
28974913
28970269
28956119
28930766
28932755
28957934
28980655
28935640
28948745
28968392
28960174
28956882
28920741
28976799
28958530
28923912
28920924
28966866
28939921
28957977
28972060
28958439
28971399
28960681
28969710
28923915
28937068
28945310
28966215
28924997
28925002
28928086
28977998
28929633
28951806
28973784
28951671
28953199
28920101
28938964
28949341
28926564
28927820
28952226
28980467
28947928
28937831
28927434
28939164
28957006
28954153
28926839
28980675
28946013
28935593
28918458
28966813
28960510
28962433
28982823
28952758
28929542
28974123
28923433
28962954
28953857
28949200
28959957
28939622
28970787
28945642
28941985
28929459
28927978
28965215
28951697
28922709
28919539
28940652
28931596
28967527
28951679
28954689
28968032
28925012
28962087
28947022
28967653
28975287
28981272
28936730
28939444
28965301
28954020
28951953
28944575
28942383
28947059
28924292
28919744
28931519
28919145
28931380
28941412
28968457
28977005
28956849
28981137
28981469
28961437
28959986
28960904
28929961
28944104
28930644
28973905
28950702
28958766
28963475
28938668
28978970
28945666
28940590
28917677
28958912
28969946
28925111
28947268
28934715
28958452
28918045
28961305
28965925
28970045
28919421
28937331
28955246
28930361
28955852
28967354
28967115
28922276
28946250
28956621
28956753
28955381
28931173
28925318
28982654
28976683
28936759
28934915
28953445
28963436
28940870
28952389
28948436
28952478
28964456
28939443
28926157
28954519
28978174
28937876
28965862
28917824
28978851
28963035
28925761
28923541
28948666
28970818
28934226
28943529
28920115
28969080
28979090
28973117
28976642
28928267
28964957
28964713
28977482
28980453
28935829
28978321
28917028
28977328
28970154
28942646
28963410
28980802
28971009
28957852
28971395
28960625
28968725
28973125
28981049
28929964
28933645
28940382
28954139
28970691
28957926
28963300
28940009
28969634
28966920
28980792
28966819
28966945
28937985
28930367
28961210
28964654
28979653
28940722
28979894
28977174
28978082
28920319
28956157
28967232
28972934
28951707
28942450
28935505
28973139
28974030
28919470
28918355
28963314
28970024
28922271
28975613
28947461
28925694
28965018
28982398
28946388
28952603
28967042
28981647
28930172
28922173
28934925
28929428
28952898
28931789
28933286
28976893
28973560
28923582
28945725
28942389
28940592
28948230
28928330
28938782
28947478
28967651
28918284
28922791
28944827
28946451
28963589
28980074
28966198
28954331
28963021
28981619
28975716
28975771
28919906
28955839
28958779
28979512
28934065
28926528
28934309
28931591
28921631
28960753
28917313
28921201
28934757
28946784
28950131
28957379
28962302
28936027
28965918
28959199
28956222
28959975
28980136
28959935
28959572
28971093
28917408
28929982
28980733
28970184
28931084
28966674
28959107
28982047
28967338
28975937
28940071
28968823
28938392
28932503
28959214
28961443
28927813
28978696
28945496
28980297
28968920
28920120
28967681
28950454
28925671
28974422
28933081
28951372
28949780
28933619
28965848
28963241
28974071
28980111
28960263
28947725
28931630
28954576
28918505
28920473
28969116
28926227
28981041
28960556
28956693
28942176
28956382
28919039
28981381
28944279
28967925
28962323
28963851
28967749
28942838
28948255
28967836
28964562
28940310
28942248
28944892
28949645
28961380
28977927
28924642
28957243
28957844
28971693
28953748
28979032
28969007
28945277
28980320
28970236
28952570
28957156
28953985
28945783
28944942
28931035
28963745
28966933
28964407
28918901
28946671
28964378
28981124
28946662
28936675
28974895
28958121
28920016
28930056
28957306
28945975
28926938
28918098
28945479
28947827
28973229
28956521
28957820
28953327
28925332
28947803
28938586
28930687
28949890
28925640
28931142
28922912
28949923
28959780
28979831
28954122
28934229
28939673
28966344
28960804
28947742
28954694
28921326
28926496
28982188
28927347
28960473
28923484
28945821
28952165
28969013
28981038
28960492
28930658
28979369
28954515
28967405
28926682
28969806
28970990
28975539
28960748
28936955
28960736
28943983
28921103
28937706
28927874
28947177
28929111
28948025
28940404
28949295
28948872
28953240
28972410
28961027
28925852
28918312
28968196
28978729
28933498
28953771
28971181
28972787
28946231
28925869
28939073
28979753
28937226
28932042
28947580
28939442
28971931
28957767
28947255
28964628
28958509
28952334
28939196
28935433
28930082
28971247
28969196
28927763
28960788
28970881
28917033
28979419
28966569
28980542
28924390
28936100
28975250
28935987
28950253
28971290
28981147
28953068
28956233
28950097
28949578
28973922
28948250
28977327
28926191
28966433
28920168
28967982
28930827
28975875
28975193
28924047
28939113
28928783
28954545
28951945
28956433
28960100
28946498
28927091
28917412
28951637
28922486
28964675
28958236
28935278
28969602
28969356
28929729
28952090
28924582
28945786
28973073
28977846
28941723
28972991
28945824
28939813
28971542
28951351
28968844
28955626
28962084
28962928
28955775
28950231
28955460
28973255
28942190
28923077
28955313
28940407
28982700
28962633
28971476
28956343
28971222
28956917
28937750
28942826
28950122
28928866
28942448
28961875
28963353
28946574
28976097
28924019
28964419
28943022
28943299
28967495
28947933
28973040
28945098
28949801
28927787
28925486
28927611
28974268
28981368
28928201
28974559
28965349
28959993
28940436
28963615
28926053
28924284
28945319
28962689
28965143
28917104
28966098
28981733
28945874
28927188
28970870
28961220
28968602
28919700
28950514
28950056
28943089
28940334
28973401
28959031
28948198
28954534
28954765
28950495
28942924
28943382
28951355
28932337
28927859
28962820
28971337
28954137
28952879
28924269
28958947
28926352
28982134
28970165
28923165
28927880
28968411
28942254
28942803
28937981
28970800
28952163
28981276
28964702
28972360
28976191
28980096
28951239
28950838
28958532
28962740
28977477
28981495
28977230
28974681
28975130
28964238
28963753
28969119
28966121
28917188
28923749
28965629
28922866
28938378
28919066
28982217
28951994
28980957
28964055
28977521
28948594
28935600
28929614
28976573
28918466
28944406
28966023
28974765
28955058
28979046
28974955
28938558
28931005
28947170
28921769
28957070
28924456
28976210
28929280
28927238
28939887
28970991
28947847
28943145
28974836
28955307
28959703
28939150
28943590
28946619
28981656
28926842
28931766
28917706
28936070
28944835
28942959
28951656
28952278
28959503
28977673
28923649
28981333
28934026
28940512
28943245
28940170
28959574
28940490
28935702
28948061
28974442
28923598
28980088
28924796
28947810
28929662
28955059
28917748
28959525
28974595
28946992
28979318
28980756
28952885
28982860
28931065
28982874
28951250
28954086
28973234
28969156
28925558
28933533
28943244
28973206
28976596
28955509
28931871
28918090
28918369
28923862
28964855
28930506
28919385
28944977
28932652
28947315
28978512
28968568
28955887
28946213
28971993
28932866
28921444
28973293
28935923
28939713
28963911
28928434
28962469
28935228
28917705
28942869
28935959
28953879
28965778
28974381
28929348
28980513
28975249
28955077
28918559
28972884
28929126
28955088
28956886
28970402
28964721
28933790
28966993
28966462
28952587
28971501
28976306
28978732
28975237
28952602
28981867
28974939
28934622
28944427
28946635
28944781
28933419
28949472
28951888
28976229
28937953
28964473
28973419
28968415
28927697
28929617
28927907
28933287
28925343
28925624
28962785
28956676
28958412
28957515
28970132
28960723
28979271
28939570
28940810
28943957
28922863
28971183
28941463
28918756
28963331
28951083
28979647
28950430
28969990
28945978
28978228
28956907
28950924
28926558
28973702
28980098
28927399
28962957
28939672
28959938
28962205
28977650
28971846
28932495
28973547
28921338
28982400
28949170
28947439
28953185
28961404
28921640
28923773
28943456
28975055
28923055
28918839
28942333
28925279
28982604
28936990
28953818
28953728
28959599
28938727
28956330
28958335
28969927
28945022
28955771
28962379
28979543
28966723
28962922
28933935
28925629
28937127
28919107
28926340
28927108
28939335
28943344
28939015
28940063
28969853
28930512
28977556
28961748
28934507
28921060
28962421
28944278
28976708
28950224
28930860
28937977
28938469
28921124
28966404
28955115
28974148
28940027
28943810
28925934
28921078
28933317
28929346
28918555
28977924
28925950
28920347
28939853
28968444
28928630
28944542
28982822
28941015
28980476
28955395
28948704
28919554
28927848
28973813
28946006
28918160
28929073
28933602
28965609
28969018
28951378
28936699
28957095
28975301
28932363
28919249
28942735
28928600
28962199
28957911
28934788
28979828
28930031
28960468
28917080
28955362
28947707
28929647
28948867
28947466
28964961
28969350
28945584
28919100
28974959
28918579
28955955
28918709
28932428
28942590
28926028
28946930
28929117
28938784
28948568
28941343
28942364
28917788
28950745
28945501
28952983
28924065
28979083
28925404
28975357
28931809
28933945
28953951
28953737
28930617
28951558
28920869
28982042
28969554
28969561
28927832
28969696
28960205
28965448
28979359
28918671
28961497
28933868
28982353
28959460
28938585
28960317
28968890
28973013
28970837
28958369
28973395
28981611
28934859
28964954
28959620
28941753
28941310
28945324
28941364
28948674
28920923
28942405
28961838
28957022
28977413
28932558
28975185
28919110
28978539
28982378
28958982
28928909
28970057
28966028
28945900
28937266
28961384
28945283
28917147
28946478
28968650
28920309
28966306
28965188
28923388
28956289
28961474
28956018
28976953
28942256
28974007
28920133
28950393
28937774
28971059
28926143
28955948
28979287
28963704
28967249
28956528
28980247
28976490
28981653
28958006
28945390
28918620
28938658
28938363
28981372
28980563
28958359
28947025
28934650
28963885
28927808
28939869
28946594
28952634
28943908
28919519
28981254
28917321
28965738
28944060
28964674
28978008
28933095
28962968
28933440
28924641
28934703
28934961
28973588
28966061
28961187
28923406
28966285
28936404
28979550
28923104
28975311
28976028
28963017
28962030
28952314
28940228
28940898
28924100
28963551
28929643
28971976
28966267
28940141
28961543
28956843
28939891
28935254
28942933
28965050
28965255
28926833
28938480
28922650
28956342
28954444
28927481
28925446
28930794
28942559
28960701
28929489
28937683
28935150
28964307
28930535
28968441
28956820
28922268
28982111
28920839
28939541
28972919
28942947
28927525
28965959
28950600
28920408
28967978
28966069
28964524
28935097
28975252
28938197
28948577
28967514
28922792
28959216
28939081
28954144
28975944
28958499
28926602
28958855
28919794
28925133
28945314
28948391
28969408
28964285
28930978
28959133
28935530
28959449
28977022
28958106
28958895
28924021
28972033
28924320
28931158
28980550
28926932
28970959
28926130
28952930
28958222
28937386
28981559
28970631
28944088
28921772
28932688
28953230
28943030
28937901
28918344
28949217
28944250
28971942
28965174
28954143
28977180
28981636
28972389
28944916
28960813
28957153
28921945
28967572
28981810
28922919
28920577
28942710
28917233
28931961
28919830
28956847
28960776
28960673
28934645
28924838
28981734
28959050
28944553
28942611
28935269
28938628
28963159
28943534
28925684
28936158
28954927
28943559
28956348
28919252
28930255
28981260
28958512
28968435
28926624
28959210
28935336
28932973
28928911
28962946
28957833
28921120
28929460
28926646
28919101
28966389
28975266
28975393
28962381
28922965
28919040
28929303
28927664
28951798
28938417
28981160
28969219
28943820
28938513
28923979
28973247
28938377
28960517
28952626
28964353
28927159
28973166
28939023
28956660
28961012
28920953
28930332
28980125
28957573
28936943
28958759
28939304
28982258
28981261
28950394
28981558
28955638
28924629
28922685
28918566
28920329
28976140
28980831
28955299
28956746
28955372
28943034
28982618
28931709
28921527
28920260
28944491
28980121
28959551
28927015
28930482
28950359
28959447
28965974
28981382
28946704
28938152
28949927
28973411
28939373
28944260
28951067
28950977
28973086
28951523
28931885
28959947
28962325
28928653
28952255
28966849
28926069
28974098
28937077
28963272
28966024
28942057
28967100
28973552
28938926
28961931
28981380
28941777
28944316
28975442
28922952
28940665
28963793
28949867
28937767
28930169
28942779
28963404
28924791
28980571
28937039
28948425
28947259
28932763
28978386
28974291
28943789
28965537
28937939
28974673
28960250
28954777
28942142
28945463
28950577
28963390
28957077
28972141
28918205
28923358
28929770
28926200
28966147
28976230
28945696
28933137
28970895
28929774
28971033
28961400
28982226
28960391
28978104
28973557
28939085
28971997
28957271
28944951
28973305
28920694
28970910
28950586
28938797
28955780
28964494
28924311
28916921
28946279
28959327
28948471
28921351
28965534
28920476
28976348
28947516
28981102
28930206
28933816
28948386
28917401
28921708
28936478
28960878
28958959
28936226
28953804
28956014
28959147
28975363
28963091
28971498
28925305
28928869
28944658
28974436
28944895
28958571
28978015
28947728
28982958
28930836
28981560
28930681
28941852
28961565
28977511
28925652
28970763
28937190
28927991
28973478
28942465
28944352
28925233
28919772
28937908
28962037
28962813
28929082
28955234
28937542
28955261
28961328
28938430
28947132
28978557
28929877
28944620
28934427
28922016
28936857
28967119
28936642
28930052
28923998
28935471
28948846
28918375
28922943
28938438
28936188
28931752
28979248
28951273
28980188
28940254
28929619
28938634
28934735
28919663
28946593
28972404
28958762
28958899
28949435
28972755
28939395
28946077
28936187
28917315
28942846
28944343
28918549
28968889
28952031
28975955
28922033
28925708
28940453
28959278
28925507
28929757
28960352
28960775
28960599
28936439
28971133
28954708
28971263
28955275
28976422
28981688
28935460
28952229
28945871
28947484
28950676
28957538
28962105
28969596
28935830
28918308
28925969
28981704
28969743
28980324
28919321
28982403
28962432
28960875
28927305
28924345
28969568
28924466
28934967
28918173
28941440
28939066
28980478
28918848
28944633
28948883
28935954
28933517
28925458
28974903
28931330
28957286
28969310
28923313
28982841
28949411
28930759
28953504
28962300
28929120
28933342
28979736
28944667
28954290
28968857
28964952
28975181
28932269
28959003
28947938
28961799
28948430
28980521
28917368
28969632
28970179
28963197
28970968
28927279
28968674
28964973
28980643
28940926
28922806
28927327
28942165
28919381
28932194
28944735
28936444
28945625
28979622
28975290
28917689
28934478
28927429
28922334
28963591
28969611
28935204
28977094
28976646
28948013
28977700
28972125
28926600
28967099
28961037
28959082
28971220
28978182
28936944
28977098
28934257
28952150
28948888
28934820
28934285
28945218
28924910
28946465
28917923
28973265
28954017
28964163
28944462
28960300
28936098
28982574
28967150
28918503
28923891
28980427
28972691
28973215
28927691
28918268
28981327
28929031
28950012
28949595
28947554
28921781
28942281
28977506
28964786
28966543
28936173
28948837
28930696
28972731
28967541
28927339
28921819
28973792
28943589
28951776
28926011
28918385
28938310
28965395
28966739
28975882
28952099
28977111
28969728
28977891
28975614
28973118
28964740
28960485
28962298
28937658
28939572
28982032
28980080
28959167
28930951
28947586
28918379
28922191
28956608
28975950
28933785
28964732
28927120
28961389
28955254
28932127
28969019
28949256
28952067
28934471
28978929
28962921
28940752
28923215
28933168
28943610
28927283
28941966
28974330
28976003
28930197
28925069
28922040
28977497
28926657
28981958
28955080
28918002
28954448
28933315
28959301
28954932
28931671
28917932
28978187
28928990
28954922
28966321
28944108
28964264
28927506
28940554
28948182
28939174
28959130
28926483
28982571
28948176
28949556
28929749
28954566
28927577
28933418
28933583
28946691
28977461
28943699
28944289
28933320
28919051
28959762
28957647
28953637
28976945
28968753
28933127
28963334
28948219
28982077
28918742
28933819
28954040
28928862
28955960
28981748
28923428
28979822
28930250
28979152
28948489
28954556
28974257
28939173
28937144
28946717
28970555
28928316
28930013
28926128
28949657
28938953
28935532
28961453
28948692
28937171
28980640
28967501
28981665
28967246
28925816
28975695
28917673
28968285
28919025
28966289
28947419
28977346
28924097
28958419
28956607
28962284
28980967
28954149
28928223
28946218
28966471
28921849
28924849
28960149
28966604
28963480
28954472
28963406
28936052
28977382
28938293
28950572
28960502
28929936
28961869
28966445
28923050
28935837
28921785
28939278
28922729
28926300
28940428
28929204
28944581
28963242
28978430
28939942
28947065
28964842
28966711
28933585
28976863
28929315
28964966
28944331
28948169
28940984
28926307
28956496
28962319
28977486
28925174
28978326
28929537
28929730
28967500
28932580
28978665
28976317
28964643
28927642
28956009
28958560
28931446
28964998
28935671
28945773
28925117
28936902
28919194
28935757
28918220
28925580
28945229
28965102
28954822
28948949
28936840
28948037
28955035
28981012
28925554
28955052
28953892
28972070
28946851
28950266
28978177
28929650
28921331
28973018
28972413
28949663
28923831
28954254
28934000
28933478
28949243
28954690
28946406
28936260
28954679
28961563
28953924
28971748
28925372
28940974
28954947
28963865
28941409
28954604
28933428
28964072
28921675
28976841
28961234
28970680
28973929
28957361
28920553
28954909
28981032
28966763
28962544
28936092
28959185
28975547
28970121
28938428
28957525
28969301
28973714
28976687
28970703
28975045
28926690
28961475
28958825
28969165
28977492
28921167
28947082
28976349
28952148
28931911
28941338
28979597
28928052
28920450
28934576
28952468
28967375
28932583
28953480
28966773
28956226
28920288
28976299
28922793
28973787
28933636
28981083
28953307
28960044
28917358
28929099
28928583
28936618
28922311
28971306
28971834
28948110
28952756
28935825
28918699
28950447
28971483
28970223
28933410
28981408
28935696
28977241
28960435
28978325
28959359
28922809
28956863
28923083
28921368
28918638
28975295
28937166
28957479
28933507
28978886
28956114
28947075
28954160
28942259
28920841
28927084
28976795
28934897
28930519
28979312
28982666
28934954
28957572
28948702
28921245
28926454
28945973
28957542
28963868
28943231
28977493
28962779
28955263
28931906
28920876
28975953
28932078
28937459
28962273
28973850
28948918
28930119
28925470
28971532
28958864
28934959
28970042
28940936
28981396
28954963
28954052
28956738
28965321
28928370
28982344
28937160
28919422
28950762
28930460
28951645
28918021
28939543
28924851
28931778
28917266
28931251
28920361
28967490
28926145
28969328
28975314
28920710
28978789
28924782
28936122
28974844
28978608
28933911
28918997
28974964
28921834
28957571
28923203
28967509
28958375
28965393
28965040
28932361
28959590
28938764
28945882
28964722
28971946
28925353
28955496
28927401
28936799
28962315
28960728
28926717
28956172
28971967
28931138
28973982
28944973
28938349
28927580
28938034
28982633
28935377
28940784
28961924
28957114
28973842
28973676
28936250
28941500
28959702
28939478
28970733
28918019
28965975
28971234
28968941
28930592
28922164
28944064
28966031
28957207
28934719
28967240
28921803
28949340
28930793
28919730
28977631
28936095
28975543
28922733
28957400
28941158
28943565
28949053
28928257
28968792
28957984
28937255
28926373
28965123
28939640
28959480
28933804
28929764
28982862
28936507
28928542
28953042
28977549
28941995
28958037
28961765
28958468
28969666
28931280
28926727
28952176
28919173
28981994
28938270
28934295
28922429
28918028
28936843
28956818
28940010
28951599
28965048
28937968
28924444
28956344
28962717
28931412
28978701
28925013
28929884
28942366
28948088
28975973
28924550
28924287
28958494
28923117
28967926
28918068
28976899
28957529
28917277
28974009
28919622
28953191
28927309
28949238
28925368
28920754
28972726
28954436
28941973
28968688
28928507
28923561
28925930
28921436
28947954
28917250
28971198
28954705
28947786
28937769
28943930
28974835
28940049
28936301
28958531
28977333
28980567
28972892
28953442
28919894
28954926
28972965
28981196
28940247
28968709
28967290
28917513
28963574
28943271
28970627
28952050
28975831
28975445
28981950
28947234
28973715
28927633
28950487
28918872
28979282
28929430
28950399
28972243
28959981
28945349
28982488
28945713
28955947
28972752
28970449
28958522
28944993
28937597
28941932
28978797
28974970
28965641
28954264
28962196
28953472
28934270
28950441
28943388
28931601
28965574
28957784
28934872
28945235
28921838
28963945
28981952
28933673
28953605
28957334
28975166
28969348
28960519
28957531
28961595
28945540
28917804
28955221
28923516
28921241
28958884
28945168
28978974
28974312
28969340
28919734
28940737
28975591
28921169
28922438
28976581
28917850
28925227
28944865
28928435
28924862
28955202
28930993
28947475
28972009
28947656
28924171
28968003
28948653
28922437
28931796
28944514
28947542
28961794
28973209
28950174
28973371
28981650
28979391
28955703
28978150
28975416
28931069
28967184
28932390
28927877
28925068
28933126
28973512
28966358
28967652
28946530
28959549
28925061
28946157
28969842
28934392
28943219
28963665
28921148
28927857
28931362
28932699
28933862
28928834
28975081
28945151
28957510
28976323
28939982
28946752
28921726
28951815
28958171
28976087
28980149
28980442
28980446
28953658
28949331
28979047
28918012
28966386
28930733
28942046
28917899
28967808
28933136
28966432
28936862
28972786
28932551
28961325
28977065
28975136
28970876
28980048
28919151
28942513
28974282
28944327
28978592
28950587
28936205
28963768
28934779
28982424
28957792
28927141
28954585
28923090
28936684
28918255
28935290
28939724
28948395
28965912
28924905
28930560
28971869
28964125
28978720
28917727
28928609
28920852
28959805
28933264
28933912
28950720
28957204
28964439
28921026
28928832
28954969
28968779
28969770
28940438
28931347
28982974
28935115
28942682
28968628
28933791
28945992
28965842
28935851
28937606
28959830
28935844
28930757
28971537
28929417
28960161
28951499
28980409
28970048
28979560
28934377
28965872
28945966
28965971
28962368
28962102
28930995
28917640
28950770
28928218
28964787
28963215
28968455
28956463
28946394
28943239
28968505
28938214
28962937
28958240
28943090
28981533
28981980
28968965
28928792
28981944
28929931
28937628
28949374
28924314
28934436
28948853
28940045
28964229
28954445
28942461
28948272
28926904
28965008
28925466
28962821
28939129
28979259
28976906
28973485
28947323
28981956
28969260
28947562
28976274
28937356
28982314
28943118
28959922
28956955
28945651
28921439
28963517
28965189
28929381
28943138
28955199
28959842
28933145
28919602
28959513
28955036
28979162
28943014
28920532
28951990
28924495
28971952
28954370
28954384
28919670
28927950
28981913
28943155
28964331
28958813
28953485
28965294
28936423
28922652
28946270
28970471
28971929
28947983
28944622
28949130
28974738
28929509
28938789
28973442
28971511
28926783
28924918
28960859
28949639
28970331
28922805
28933971
28925905
28978442
28918453
28980460
28950243
28942297
28935429
28969976
28930220
28942695
28973249
28949767
28941474
28927711
28933700
28955772
28978392
28949195
28956072
28936447
28945119
28920610
28939468
28938767
28945099
28920873
28979634
28966687
28942511
28957819
28968239
28981025
28953925
28935885
28952035
28956396
28978902
28941663
28959500
28978726
28952728
28922242
28939658
28967869
28918037
28927297
28918940
28933892
28945014
28970917
28958791
28957749
28946420
28975703
28925485
28932217
28965514
28920833
28938610
28980695
28962537
28937707
28917755
28952850
28977537
28958489
28920983
28952123
28922598
28972928
28980200
28972560
28967614
28982776
28956656
28970441
28944589
28952940
28962358
28926405
28970542
28929054
28922502
28976256
28963650
28973336
28971939
28973199
28938661
28918650
28967556
28977303
28943029
28929620
28973619
28969122
28951055
28956271
28934870
28956667
28937910
28967764
28970339
28962489
28958267
28919029
28929307
28949294
28978007
28945465
28960901
28926136
28918363
28930891
28978601
28981642
28945979
28938180
28956982
28980598
28974091
28927781
28941388
28972663
28959246
28959856
28954077
28973014
28957609
28946030
28926357
28921130
28960221
28954886
28951143
28942363
28960892
28933384
28943395
28935474
28931252
28938569
28950928
28963588
28976669
28941224
28948624
28923191
28965176
28940979
28929048
28972317
28973480
28923910
28973927
28964067
28936663
28932519
28938117
28920472
28970096
28922766
28952062
28920629
28951237
28977718
28947015
28972695
28963366
28972951
28953404
28921664
28945535
28934781
28960726
28963058
28963023
28941986
28923192
28972784
28982165
28921561
28976849
28949607
28964121
28947698
28942712
28939036
28927959
28954390
28943437
28968272
28956747
28980156
28919117
28932411
28944679
28924115
28980782
28968625
28958163
28980459
28949698
28958044
28934293
28953311
28937132
28931686
28966646
28943157
28943406
28954140
28968395
28980538
28954838
28980286
28960627
28946009
28936651
28935009
28917138
28923223
28968906
28961821
28930491
28979501
28936830
28953706
28927537
28924053
28977257
28929363
28975532
28926007
28943517
28960351
28950542
28925471
28956891
28972959
28968512
28937992
28934887
28917314
28945539
28970834
28980003
28942486
28952208
28934139
28964417
28979106
28922498
28948245
28966802
28951948
28931889
28970411
28949958
28980092
28957117
28928705
28972602
28972584
28931636
28931270
28949496
28977394
28926173
28960600
28925180
28921883
28964175
28928740
28971372
28949973
28920139
28925891
28930695
28964231
28933505
28950925
28936309
28919652
28960796
28981722
28974585
28970050
28960976
28935501
28938026
28919002
28929514
28980432
28959347
28962760
28974702
28920111
28967865
28970322
28921346
28949821
28974343
28919858
28934183
28945648
28942499
28929629
28918101
28921349
28977410
28948235
28976941
28971917
28968544
28925310
28941948
28945485
28935232
28931075
28934066
28921429
28971278
28944428
28947243
28953074
28928015
28918836
28951467
28940697
28937690
28966407
28919343
28965177
28927181
28920306
28950916
28926302
28980960
28959742
28928965
28975232
28962006
28944367
28960462
28936011
28972555
28924400
28953407
28981848
28959635
28982528
28921528
28934875
28969190
28947137
28959337
28943476
28944058
28962996
28936988
28934710
28955435
28964390
28965305
28955514
28965081
28957152
28969158
28945249
28945655
28951473
28938931
28954057
28948769
28948889
28930957
28919005
28940578
28929304
28937947
28927489
28959883
28923827
28919571
28946019
28953113
28981925
28960741
28981709
28964888
28932422
28932716
28932367
28980402
28953794
28929090
28959670
28982173
28953772
28942391
28917485
28972609
28931929
28982834
28958543
28953688
28979533
28977560
28933120
28924731
28976308
28920500
28941955
28957780
28974450
28957882
28972564
28927558
28954632
28955701
28973719
28951070
28946028
28951844
28963173
28971615
28937471
28973572
28922570
28967987
28945407
28950475
28953377
28923886
28929862
28950255
28937833
28933391
28949462
28931182
28970307
28937829
28951639
28926489
28919134
28943931
28978125
28927699
28934746
28928768
28924885
28934070
28973744
28920334
28927325
28956149
28963689
28919469
28948410
28920840
28946042
28960527
28935780
28927695
28958988
28980155
28943628
28935259
28978958
28935585
28966751
28935918
28929183
28969030
28962685
28961887
28967907
28955150
28951566
28921487
28922939
28977799
28958161
28962729
28974066
28931523
28928584
28959937
28927069
28960446
28938946
28976992
28977956
28916907
28977000
28939967
28956052
28925149
28967713
28982867
28921876
28976993
28923427
28981371
28973532
28917256
28956602
28963018
28954334
28932578
28939483
28939163
28916929
28970816
28939451
28961670
28977786
28942873
28980226
28975893
28961392
28975477
28962197
28962794
28926243
28969734
28936927
28937727
28937536
28938492
28919946
28956210
28932467
28931236
28957509
28947923
28943003
28968680
28932286
28929556
28982601
28944248
28975225
28923085
28938540
28950053
28953799
28918260
28980454
28945041
28937798
28950292
28939216
28954298
28982451
28965871
28978630
28944539
28968247
28979178
28918213
28946353
28964597
28928462
28978397
28948915
28958731
28954661
28922078
28964749
28938451
28922158
28943310
28948482
28950613
28951963
28943830
28923404
28951868
28967659
28980426
28923222
28951946
28975719
28940894
28922507
28966626
28950991
28960332
28981426
28930004
28920947
28925721
28942603
28966435
28929667
28937627
28963478
28977706
28923689
28967050
28962016
28946852
28938323
28974899
28964877
28951685
28943227
28921496
28924215
28942312
28938846
28917201
28933031
28974278
28937521
28963747
28935390
28964538
28974703
28970397
28945209
28970070
28920477
28949722
28927555
28978491
28936148
28970334
28920088
28966774
28930857
28974150
28969446
28969506
28954546
28933594
28955521
28950493
28963032
28959871
28944217
28982000
28971820
28935166
28963342
28967475
28941876
28980918
28958768
28948761
28937021
28917783
28968560
28928030
28957921
28921117
28973461
28935919
28979800
28981271
28929019
28970979
28961644
28924692
28917021
28965250
28973954
28965163
28948847
28934521
28930738
28942305
28969820
28950161
28933028
28936389
28973168
28977418
28928968
28962569
28923779
28929160
28927257
28946458
28982935
28924580
28919479
28955207
28975569
28920457
28977651
28924715
28946120
28953073
28941548
28952768
28931479
28972025
28920649
28959035
28965500
28959758
28934250
28919510
28947775
28982037
28929207
28927924
28953635
28973462
28932403
28936274
28981293
28921793
28961226
28961695
28969453
28969434
28968248
28945659
28957959
28940425
28927459
28943169
28971884
28925878
28973854
28936252
28982652
28975536
28952230
28931292
28962498
28967725
28971018
28964026
28966146
28933629
28948861
28929252
28920297
28931311
28948739
28957062
28953152
28957992
28969754
28980618
28937405
28972785
28981828
28931559
28922023
28978868
28974770
28932747
28934541
28977679
28949115
28969731
28959924
28937243
28950326
28958114
28953201
28938799
28938885
28950833
28935948
28923583
28968024
28966085
28966380
28947294
28981736
28978156
28920394
28954633
28928468
28950716
28967950
28977519
28934804
28965085
28974786
28969828
28941857
28970655
28967084
28927980
28948405
28978991
28958599
28951486
28918508
28937988
28942610
28978594
28938379
28933495
28941896
28945997
28923006
28953810
28935251
28929191
28951071
28982547
28935612
28977687
28944101
28943080
28971203
28963854
28980281
28952785
28967303
28933766
28958996
28940613
28935607
28942403
28917998
28969077
28960224
28941887
28949237
28978324
28965292
28954367
28942260
28949727
28972020
28944532
28935445
28939200
28969713
28924703
28969318
28930170
28947568
28923190
28955941
28928659
28937421
28955642
28947899
28954346
28957320
28952943
28956617
28938809
28922626
28947504
28979417
28945415
28949858
28926247
28925637
28931112
28926606
28948921
28960254
28980178
28943506
28939291
28961900
28956153
28968107
28958506
28925722
28962129
28951423
28968028
28924799
28931463
28969767
28965868
28919924
28941815
28922066
28973240
28977800
28938573
28924760
28979016
28919892
28956663
28960361
28942378
28963977
28942357
28936763
28963026
28926768
28934147
28956385
28948166
28934202
28946659
28924145
28959140
28960603
28969787
28959491
28972645
28924204
28930532
28943438
28948813
28956615
28938290
28928011
28966226
28940873
28961356
28921197
28971036
28947235
28968151
28917135
28957191
28921066
28929094
28923888
28931276
28928184
28921359
28981773
28951667
28945675
28952188
28972002
28961974
28919368
28952651
28926450
28924636
28962736
28979854
28980007
28935457
28957147
28946369
28944354
28925609
28922493
28933344
28966573
28978497
28922161
28964400
28980419
28942722
28975701
28924270
28954941
28955293
28982136
28929034
28944095
28935599
28920721
28977611
28929945
28957874
28947421
28979798
28977149
28919330
28926858
28944807
28956294
28945866
28927026
28953075
28970998
28958200
28937555
28938243
28935955
28947335
28921104
28968085
28946033
28973278
28919543
28979696
28930613
28944094
28952677
28970208
28962734
28965847
28921629
28974012
28966379
28938900
28967122
28935011
28919326
28933807
28957731
28946402
28965522
28936037
28934535
28947258
28937547
28956754
28943502
28965820
28953914
28945372
28919538
28944985
28925735
28959033
28969779
28917299
28964020
28953711
28958416
28960262
28976434
28944349
28932043
28946600
28979203
28975107
28918076
28935915
28943880
28967778
28981838
28970747
28974397
28963485
28951011
28930492
28977142
28958038
28935089
28955612
28973061
28932660
28932531
28978120
28950434
28922831
28960400
28979778
28969079
28928177
28970376
28953019
28944029
28953395
28919533
28971297
28926348
28963250
28981283
28973349
28977864
28953902
28939290
28917734
28925662
28939612
28919325
28927042
28922604
28933886
28941250
28933704
28924098
28951328
28935268
28935847
28933189
28931125
28943808
28935467
28947570
28957180
28944240
28965536
28979386
28953589
28926523
28965131
28933369
28956304
28981825
28918470
28930323
28954671
28931058
28977553
28955778
28927070
28928119
28930881
28938728
28947618
28964822
28936410
28980191
28932950
28974718
28980176
28963564
28929615
28923099
28941758
28978317
28973057
28956669
28922026
28959828
28926890
28935225
28952710
28955974
28951120
28950921
28961666
28978566
28962530
28947793
28930247
28979549
28967373
28962881
28964355
28919525
28952215
28955494
28974990
28931918
28932509
28949873
28970702
28948746
28932756
28947093
28974731
28973367
28976472
28924092
28953647
28959456
28943947
28965511
28980506
28970043
28932308
28920112
28957218
28977139
28918608
28923481
28957212
28954148
28934661
28966240
28930193
28975004
28947706
28933878
28959675
28926656
28973292
28919523
28951079
28930577
28941536
28929043
28937262
28941292
28956148
28930735
28960960
28930518
28931374
28929184
28933990
28936513
28927424
28958720
28956474
28977077
28958839
28927326
28945215
28922277
28920098
28935371
28975818
28963534
28979497
28948673
28968471
28939224
28964393
28940132
28944467
28969844
28935260
28932903
28922142
28964949
28956681
28962015
28972132
28948105
28918724
28921545
28967722
28975653
28977793
28952824
28974799
28948953
28935477
28946715
28981690
28940732
28958204
28919030
28917493
28943705
28920091
28934743
28932705
28971848
28928338
28974713
28923337
28935472
28978709
28921984
28967862
28930672
28963120
28978776
28918870
28975144
28935927
28952877
28917994
28922162
28918701
28927370
28945083
28938955
28966522
28922552
28956514
28935250
28924850
28948956
28930112
28921177
28965623
28981193
28947415
28919453
28957316
28967361
28946725
28940397
28963559
28928562
28931130
28924586
28962236
28936391
28963995
28950989
28936547
28966006
28921801
28945894
28939677
28968340
28954112
28946946
28935363
28980224
28979903
28925000
28927219
28947314
28962203
28929612
28949457
28926114
28942605
28956572
28924251
28929630
28949043
28969099
28930322
28940558
28960781
28948363
28923596
28928902
28930017
28919265
28975630
28932982
28951767
28958374
28982658
28953100
28972873
28923997
28950650
28945875
28934413
28970550
28962765
28938506
28960112
28917119
28921773
28979964
28955767
28944253
28932095
28973226
28922349
28978656
28931782
28969529
28955804
28950935
28943259
28950403
28928698
28951216
28959783
28948132
28918056
28925524
28982194
28919033
28981126
28931732
28979373
28969633
28948047
28966086
28932068
28953452
28950308
28946382
28963291
28932429
28930475
28947249
28953983
28968605
28972239
28924630
28942307
28952631
28917327
28963976
28937133
28920634
28948930
28972133
28932515
28957428
28949139
28941808
28935053
28944550
28924911
28969726
28949338
28917834
28947690
28926826
28922998
28980949
28934802
28968553
28978306
28952611
28920783
28952077
28944721
28936794
28948730
28927965
28977085
28923033
28945289
28946257
28934179
28930852
28947754
28933260
28972152
28968383
28935325
28935773
28927731
28927267
28947994
28928128
28924213
28959997
28944165
28920593
28944635
28965668
28936338
28938832
28928900
28967018
28959801
28924713
28982454
28945682
28977893
28971305
28967175
28926462
28970997
28956054
28927909
28966403
28961046
28917976
28969372
28932958
28968050
28940139
28953536
28975084
28962895
28925845
28948920
28922730
28932954
28929704
28973183
28975728
28958890
28946243
28940149
28947735
28969748
28941348
28961048
28936035
28931750
28948003
28973701
28964889
28980218
28948962
28931641
28981308
28963639
28940584
28963998
28979528
28917017
28952429
28958729
28930196
28950685
28950884
28969398
28938481
28927236
28919675
28924761
28929939
28923026
28961360
28953061
28975436
28948912
28926259
28927105
28945902
28925994
28921512
28965706
28923744
28978788
28951485
28953907
28966180
28959136
28922295
28978076
28949991
28922875
28955964
28980547
28942880
28979382
28970593
28960686
28934945
28930898
28940819
28982420
28979064
28979840
28966144
28924792
28929535
28963520
28957487
28923539
28938901
28934354
28938778
28926296
28919273
28977890
28963908
28943729
28973878
28970222
28918757
28950465
28969890
28950355
28927998
28948019
28933096
28946636
28919887
28948491
28972259
28956273
28976282
28933058
28946906
28950080
28932838
28979155
28978643
28961753
28949513
28928065
28941373
28929783
28951125
28930259
28967421
28968638
28929714
28940608
28955608
28969418
28928006
28967787
28943269
28978380
28976712
28972713
28933074
28954473
28928745
28924181
28965753
28929665
28969146
28948552
28980930
28960270
28973403
28975501
28931691
28963129
28925194
28970058
28944363
28920853
28955900
28928185
28917937
28932031
28965642
28961480
28947184
28943563
28949154
28948620
28925675
28959385
28925423
28935489
28972806
28924104
28963920
28978466
28950407
28930917
28932865
28952378
28958611
28973541
28959751
28923041
28971800
28957900
28979126
28923485
28962811
28963285
28917326
28923705
28943052
28920936
28924705
28937590
28974660
28939490
28939031
28934987
28968210
28924046
28932588
28949434
28945474
28962646
28982481
28916918
28937624
28973828
28943602
28921594
28951254
28931196
28918316
28925215
28933972
28924156
28933416
28938390
28923936
28936878
28921843
28947379
28927448
28981269
28958815
28963969
28940636
28951404
28927771
28954233
28918367
28979278
28942877
28934583
28918139
28924657
28954297
28933206
28972039
28932776
28954194
28962089
28963846
28917054
28980611
28920556
28919402
28955103
28937538
28951954
28934977
28969945
28920973
28972590
28966335
28936916
28969388
28932323
28939012
28922903
28960667
28960108
28961186
28966323
28959798
28930389
28965910
28982869
28948531
28955711
28957556
28938785
28982076
28922441
28929086
28936378
28960745
28934532
28968235
28924054
28936237
28939696
28924285
28940969
28974821
28966881
28923887
28960668
28966899
28924094
28962062
28955644
28942407
28973667
28925119
28980394
28941268
28930832
28965949
28975463
28944500
28961800
28936143
28967441
28956498
28946798
28928192
28978179
28972780
28942681
28973833
28936340
28959657
28926089
28936203
28958244
28927457
28925197
28939839
28921563
28970016
28946453
28980050
28927109
28918778
28921976
28968242
28917790
28932156
28941434
28953139
28930824
28949525
28964152
28951956
28939635
28975111
28934101
28959665
28932115
28953852
28960180
28972562
28917287
28926850
28921525
28943868
28955187
28965745
28939501
28973481
28979141
28939472
28931785
28970279
28939175
28945140
28966133
28953242
28968237
28935094
28959731
28955049
28955750
28926257
28966236
28973424
28925779
28976577
28962219
28960992
28973584
28970776
28922408
28952797
28936800
28951579
28938681
28943497
28923239
28932505
28940439
28922064
28943518
28921265
28974862
28929209
28960319
28966310
28975772
28940524
28942981
28975860
28942956
28917593
28922539
28952953
28981578
28940403
28936155
28959925
28952732
28940248
28974206
28969324
28930263
28931028
28951698
28951420
28929668
28925514
28928975
28946719
28939008
28959735
28923662
28933627
28933929
28951327
28929500
28965660
28934755
28956483
28960428
28957606
28927881
28922536
28971775
28961099
28975999
28959423
28940977
28973200
28976860
28954138
28967194
28962647
28917298
28972678
28945525
28952775
28974671
28953431
28951393
28924727
28966220
28939297
28936917
28940290
28956393
28936903
28921518
28972397
28940251
28982478
28966135
28932019
28951431
28919225
28973363
28965106
28956110
28924514
28948734
28954790
28925173
28924886
28980228
28974363
28969676
28925716
28930603
28970506
28970052
28953787
28980939
28919918
28982671
28969985
28918860
28946666
28917837
28939932
28982242
28945357
28973385
28968404
28953398
28978292
28968543
28961280
28930909
28960141
28940758
28923424
28937078
28975990
28939544
28931743
28921506
28969675
28959800
28928964
28934501
28936471
28923229
28954992
28978404
28960004
28942196
28928801
28932952
28977384
28917133
28943932
28951992
28968418
28934186
28972706
28976802
28965879
28966489
28960789
28960025
28946045
28962136
28938889
28940062
28951943
28957337
28951595
28934596
28975358
28942602
28970437
28942042
28958511
28940080
28933117
28927062
28944276
28948392
28936413
28966234
28952386
28947789
28935922
28959462
28924899
28933695
28952582
28917966
28928871
28929994
28965200
28958894
28960049
28935237
28926187
28973751
28938883
28972530
28923572
28954373
28923412
28931166
28969238
28927536
28951693
28981800
28944683
28965957
28969627
28937812
28975993
28916989
28962817
28957284
28952198
28954970
28969572
28979739
28955319
28978160
28978233
28923518
28921479
28958607
28963835
28934078
28943131
28968218
28975012
28931319
28932036
28964409
28949129
28930001
28931478
28978955
28956098
28952154
28927688
28920327
28948683
28919833
28982576
28937737
28972569
28969305
28979297
28966671
28918233
28960005
28948283
28917667
28968914
28964491
28948423
28928331
28947115
28945598
28945677
28967277
28924106
28931623
28954451
28923012
28982743
28971635
28947349
28980020
28937912
28943658
28972864
28959887
28942768
28978610
28927312
28932212
28949589
28937613
28965596
28953864
28955698
28960724
28938783
28942244
28925717
28922767
28968283
28924809
28939859
28919613
28926935
28924870
28928814
28938134
28978444
28938423
28942560
28969908
28954756
28967116
28971101
28964969
28955107
28927052
28925768
28966857
28950300
28975354
28966111
28924072
28981794
28964029
28939187
28960607
28951666
28924226
28945186
28951134
28948281
28937379
28957124
28952621
28926520
28977151
28973659
28962065
28934760
28975964
28969735
28954341
28945488
28966653
28976582
28959787
28925480
28937182
28931377
28919820
28920668
28921593
28917490
28924873
28928466
28977504
28940462
28919826
28921383
28925369
28922876
28935654
28931471
28950203
28978561
28970284
28930596
28924807
28932364
28942122
28920284
28954090
28942794
28922515
28923730
28927906
28931981
28934021
28974639
28950278
28921748
28923631
28932570
28975936
28933641
28982125
28930271
28950758
28952118
28966447
28966153
28945834
28930930
28965856
28945968
28973538
28933675
28964867
28967682
28942329
28975008
28926090
28969071
28937002
28943788
28960930
28967855
28953252
28921715
28948106
28920536
28956440
28942913
28953345
28944254
28973298
28962686
28980722
28963339
28977472
28960713
28979265
28957923
28975315
28972979
28957975
28935513
28975656
28924387
28958223
28952442
28966753
28969827
28950070
28925812
28957508
28981787
28963985
28923274
28973106
28954752
28977324
28980329
28973313
28942390
28971296
28970951
28928877
28971449
28964821
28960531
28926882
28941184
28937050
28974414
28922223
28943604
28952144
28951771
28953357
28957805
28946651
28955308
28958336
28951479
28972764
28953691
28919424
28980599
28947479
28936209
28918445
28966482
28933927
28923902
28931484
28946919
28931263
28945613
28955872
28975894
28934778
28952548
28925970
28980759
28969736
28947865
28961204
28969005
28936912
28925518
28931690
28949566
28949779
28957868
28960995
28946447
28974978
28954120
28920429
28948486
28974783
28937100
28981823
28941270
28933390
28924052
28923868
28957987
28965844
28926575
28940279
28972795
28957302
28968450
28945758
28965908
28953596
28920193
28962814
28918438
28974833
28929014
28923993
28934128
28945938
28945461
28949203
28982025
28949042
28948979
28957483
28971354
28946588
28944256
28949037
28961212
28950424
28972439
28935569
28981687
28947045
28980502
28923633
28966619
28965229
28943353
28919405
28952021
28977323
28935865
28943953
28930564
28947593
28961913
28917007
28937091
28937878
28945656
28918723
28935037
28918791
28939843
28962005
28963736
28980257
28970310
28930756
28964586
28935862
28947518
28950328
28976620
28975516
28945879
28960173
28970150
28925264
28943707
28959024
28925856
28918890
28939906
28960906
28935504
28970065
28944486
28968899
28973334
28947760
28941436
28976072
28943722
28952247
28925421
28932358
28951581
28971534
28943197
28943312
28943481
28972294
28956734
28972134
28959727
28977550
28967750
28930370
28933578
28926446
28923040
28975386
28965219
28944148
28966798
28976011
28936931
28972901
28967660
28952716
28967339
28930307
28954107
28968233
28980008
28937185
28946020
28941092
28948058
28962091
28918593
28922639
28946582
28962215
28940778
28938972
28952492
28953415
28916947
28924933
28936764
28933714
28962343
28959850
28978598
28982340
28917883
28960177
28970167
28948263
28936134
28952005
28967898
28928312
28916948
28936418
28942198
28950788
28935557
28924881
28938353
28951207
28979795
28924436
28977396
28937823
28944637
28954863
28976911
28955008
28960356
28976343
28928898
28921774
28955674
28953411
28943970
28919270
28960226
28958694
28971965
28974364
28928987
28919589
28940179
28974320
28979783
28946378
28937651
28958224
28959469
28956108
28953581
28964773
28925076
28971995
28919717
28966203
28927550
28981451
28952455
28974142
28941014
28961083
28953451
28956298
28962644
28923690
28918911
28980367
28944826
28944616
28971096
28934523
28940432
28966572
28968585
28926099
28974031
28949849
28978207
28978186
28955741
28965388
28919337
28950193
28921153
28919951
28976707
28932236
28919120
28930308
28981664
28922065
28929624
28952718
28954072
28931627
28926663
28956256
28939013
28923967
28918876
28960157
28957288
28935774
28940678
28961165
28949682
28963046
28969204
28931300
28970820
28957813
28945889
28981609
28936414
28968475
28923378
28922225
28924032
28959094
28954008
28975282
28923682
28966444
28974798
28955374
28965190
28936770
28945154
28971712
28982071
28963181
28927337
28981169
28976232
28959138
28922005
28968451
28946121
28940182
28965580
28919162
28930278
28979168
28937919
28977763
28981367
28973087
28934773
28975113
28974050
28961121
28938747
28933719
28964297
28940292
28956213
28920651
28959715
28924175
28922538
28946193
28937560
28956390
28960914
28917662
28982856
28961964
28928605
28937626
28953461
28933657
28945988
28948752
28942669
28949030
28939936
28929175
28947418
28943936
28965518
28941046
28917909
28933910
28938960
28961302
28952245
28941044
28976679
28966493
28972427
28935298
28966873
28940642
28938295
28941424
28926544
28932891
28936745
28951453
28967700
28954911
28929130
28940573
28970509
28918457
28979316
28974974
28963127
28950219
28972619
28923985
28932154
28924041
28968388
28917239
28956792
28929863
28943633
28931213
28954654
28920179
28950134
28967387
28982056
28941028
28953269
28950736
28924411
28952801
28966332
28957779
28935006
28949369
28951960
28967237
28950419
28950855
28976879
28963323
28931172
28978443
28925515
28933103
28925981
28959198
28981377
28981724
28936669
28956204
28929956
28936363
28970943
28964257
28981052
28971630
28936492
28982897
28942980
28950000
28919802
28970549
28948082
28943582
28972984
28977350
28939171
28952045
28982482
28940849
28917835
28960001
28932247
28960832
28930582
28971943
28980894
28961659
28959753
28954509
28981701
28974651
28948780
28951569
28981923
28967092
28946203
28956155
28952338
28961822
28949906
28937674
28958495
28957581
28978842
28917552
28969559
28943827
28972230
28925882
28953379
28937357
28920438
28922923
28971228
28933172
28975823
28938452
28949713
28959315
28955449
28974608
28959392
28981291
28925846
28943634
28957418
28924415
28950007
28969852
28917044
28979553
28936138
28922710
28929628
28976810
28974310
28936783
28916977
28968859
28964746
28955166
28935882
28978212
28940202
28968549
28924478
28978039
28931444
28966547
28947470
28975808
28918614
28966947
28958426
28932828
28978003
28943595
28935515
28939477
28935428
28939774
28961560
28935124
28948876
28970277
28977801
28924413
28949813
28927237
28935625
28965434
28946544
28917378
28974956
28951543
28939099
28922738
28965585
28981640
28970794
28924360
28934484
28977740
28980700
28934504
28936177
28951838
28967473
28941357
28967693
28971620
28940475
28971481
28955214
28918635
28961720
28940935
28979748
28946543
28938749
28923477
28935815
28931808
28956455
28958474
28951144
28933092
28972362
28933755
28965815
28938740
28927569
28963930
28959361
28982578
28926012
28946928
28934847
28955604
28924681
28958663
28957373
28925454
28955324
28937425
28925805
28930815
28961857
28918307
28974350
28947096
28934448
28975342
28922111
28929194
28963527
28942267
28931798
28977459
28942350
28920162
28967110
28958432
28955753
28943457
28935963
28947633
28939491
28974433
28972545
28936144
28943442
28980557
28919530
28956281
28942250
28929682
28974663
28941075
28973188
28944950
28946731
28944594
28956958
28982804
28961387
28921310
28919774
28946734
28935514
28955485
28950531
28919380
28966229
28939349
28954686
28942006
28933961
28956237
28932144
28965306
28938936
28930967
28960163
28945939
28961661
28977641
28966477
28961712
28971788
28926801
28918543
28972626
28950930
28929053
28933208
28958887
28921491
28952781
28934253
28962835
28940951
28926566
28980708
28972028
28960738
28980854
28928327
28968223
28947390
28960768
28967886
28935960
28942782
28942997
28948723
28931068
28957676
28966276
28943615
28935735
28952323
28924867
28974332
28917738
28952573
28972972
28957498
28917509
28956074
28940043
28940088
28975598
28941833
28954165
28952835
28938207
28977460
28935765
28962879
28920880
28944548
28982953
28946927
28967552
28972440
28975784
28959452
28941509
28939281
28950146
28946509
28946228
28926706
28931552
28932641
28924007
28930524
28945948
28965945
28949245
28917134
28928345
28956268
28921981
28950425
28959371
28981054
28927351
28953715
28974069
28961119
28933526
28923260
28918871
28944335
28981401
28961807
28922779
28935566
28952403
28939684
28963101
28919136
28969115
28955663
28946683
28962212
28982965
28950489
28962031
28923714
28962531
28922465
28956776
28950891
28963092
28965814
28944605
28948409
28976824
28956022
28926273
28947546
28936499
28941344
28958590
28958516
28961240
28959041
28931605
28941911
28968076
28929027
28967642
28975865
28976165
28954520
28967743
28936526
28943960
28942319
28979570
28918953
28944745
28972800
28922215
28952888
28927235
28982262
28951918
28958805
28925544
28979611
28952632
28943919
28963607
28978680
28946268
28941007
28938031
28970507
28936836
28918244
28923441
28982260
28979169
28932880
28934750
28960782
28978686
28944310
28937444
28926859
28970021
28979559
28942365
28919932
28922413
28918641
28952864
28963240
28978013
28950523
28976491
28957623
28917744
28967846
28928657
28947531
28958418
28959084
28960933
28977955
28941636
28917839
28982041
28937313
28945361
28961849
28920331
28967752
28970294
28941953
28958258
28947148
28958534
28919584
28935904
28934982
28925467
28932175
28959164
28956794
28945723
28928764
28932506
28934807
28959275
28945172
28938182
28966017
28971666
28944368
28964581
28924578
28940265
28927446
28919222
28942269
28968447
28970813
28979732
28953649
28982221
28942633
28947061
28945628
28931985
28943625
28956043
28982847
28928977
28952601
28969304
28957601
28971636
28931677
28963488
28976850
28932096
28981419
28971935
28934526
28923426
28953013
28920843
28920892
28927127
28968642
28941965
28920243
28974127
28919281
28971499
28936263
28940798
28977662
28924093
28962159
28950567
28973565
28938694
28929396
28935924
28944124
28962067
28946200
28918850
28933890
28932241
28933486
28959896
28949149
28945188
28959853
28928979
28922816
28961040
28932282
28977791
28949601
28954962
28921019
28929264
28967666
28981230
28982676
28933530
28954892
28925259
28929388
28977279
28958583
28970782
28975360
28953435
28919417
28952002
28918682
28967255
28930334
28970257
28969362
28933282
28932400
28929495
28933329
28948382
28958656
28954173
28937736
28948809
28920571
28920551
28951705
28950451
28977280
28943555
28966896
28980026
28971761
28938443
28935964
28945239
28982928
28937962
28919071
28943097
28924936
28924325
28970847
28951973
28975143
28944324
28975365
28922272
28954550
28980844
28935792
28925840
28959877
28962186
28939387
28971725
28968623
28925648
28953505
28959504
28921735
28974984
28977636
28963106
28957505
28945467
28924490
28933753
28930657
28969862
28945120
28960014
28982180
28931441
28968308
28978583
28927463
28927806
28933400
28971551
28929292
28917254
28920883
28928202
28960098
28981574
28956305
28929151
28966126
28968288
28965562
28943330
28921552
28943233
28941139
28945305
28961029
28940850
28946291
28929488
28964672
28927177
28977348
28978352
28945115
28958721
28966860
28977883
28934219
28948703
28924421
28933476
28962326
28943703
28957741
28933620
28964310
28958540
28979827
28969959
28939043
28976074
28934160
28945857
28925089
28976014
28920674
28929570
28923339
28976623
28953132
28937457
28924994
28946606
28932391
28923994
28951642
28953946
28935332
28978473
28974431
28956037
28951739
28919315
28945869
28957928
28957399
28936881
28961598
28972750
28926478
28936220
28919465
28965710
28918172
28944093
28967214
28917634
28954126
28922534
28922505
28919184
28960767
28979530
28933479
28933358
28981210
28964272
28921879
28920391
28960598
28938752
28968763
28978209
28954938
28943972
28969336
28966721
28936602
28941989
28941232
28951230
28928048
28960096
28975194
28949582
28945481
28971596
28949823
28926410
28972503
28957828
28919665
28917461
28929987
28941350
28975663
28923742
28933644
28954467
28954723
28928135
28977441
28960046
28924845
28936476
28965895
28946528
28935526
28951971
28932242
28928632
28946732
28976812
28917688
28978415
28929901
28981044
28937064
28982048
28930381
28917127
28937946
28928419
28950103
28941085
28960486
28951263
28972221
28942641
28918652
28965369
28948502
28981805
28972437
28935522
28926784
28966264
28967600
28948579
28922019
28977527
28958733
28939144
28953027
28973136
28937458
28923924
28972324
28979018
28919329
28943178
28942127
28917049
28979891
28961926
28967867
28967368
28971812
28939826
28971728
28944812
28952057
28956860
28924079
28934428
28924833
28961533
28941394
28938468
28936879
28927423
28930146
28962296
28931396
28923320
28981970
28972400
28980735
28976260
28965717
28971233
28973692
28947304
28961945
28958957
28950141
28958117
28955162
28971159
28974892
28944969
28948613
28925296
28931483
28959473
28950481
28964340
28922623
28934833
28978682
28972746
28980517
28952960
28971572
28954223
28920836
28936403
28951715
28929383
28930087
28920258
28930479
28973821
28966154
28979628
28941543
28973319
28922651
28947035
28936741
28934868
28930706
28943320
28958557
28981455
28943701
28979406
28947051
28922037
28919382
28924993
28976185
28924473
28972225
28943992
28975928
28941475
28933138
28972104
28937440
28948871
28931729
28974346
28947347
28970098
28978724
28945008
28980828
28980269
28927790
28930581
28962179
28923951
28971124
28941642
28970262
28966040
28932268
28963312
28950984
28924431
28941767
28926317
28937903
28975350
28939812
28937854
28970480
28980144
28925453
28918753
28940574
28931371
28968631
28927750
28970987
28965566
28947386
28949475
28977546
28979188
28943101
28975674
28976700
28922011
28955795
28978621
28934694
28970804
28971320
28962684
28970950
28954603
28977110
28948342
28943878
28944110
28975710
28918291
28967859
28937490
28946412
28943213
28972101
28925556
28966478
28982886
28981010
28943954
28944314
28923741
28955538
28934562
28952900
28971422
28927381
28935572
28942306
28920040
28966109
28938281
28947647
28946379
28920413
28947962
28942314
28932713
28952615
28974695
28937300
28932395
28957486
28954133
28940241
28944527
28963089
28944137
28922968
28980319
28974750
28939911
28979331
28960020
28962070
28924973
28930134
28917675
28980714
28955805
28947557
28955601
28958734
28917507
28966279
28949242
28957546
28974459
28954454
28933647
28941821
28927516
28919192
28954951
28965599
28931745
28940399
28963507
28966793
28946133
28950778
28947076
28978936
28935958
28973143
28966982
28927328
28955336
28928067
28975401
28979139
28943535
28922612
28968644
28922819
28967853
28947565
28935754
28920961
28943311
28943546
28979564
28980055
28975686
28965761
28920707
28958385
28968416
28932189
28977748
28980491
28966991
28925517
28934567
28920821
28975031
28959905
28978083
28961883
28934272
28981549
28980685
28971825
28944801
28916914
28938919
28962694
28978582
28962130
28952968
28964659
28953204
28966581
28962645
28963586
28976786
28968758
28923380
28934220
28931148
28932025
28935818
28938932
28953564
28982529
28939284
28938246
28943154
28945924
28972644
28966247
28982598
28927997
28977088
28952481
28974096
28931986
28919718
28928152
28921837
28930050
28981497
28942327
28944499
28948221
28953182
28938224
28966663
28963964
28936852
28932141
28943786
28926284
28920357
28936864
28925659
28952687
28976845
28973975
28924717
28938542
28938937
28971664
28963620
28975297
28956560
28964328
28976304
28952513
28925858
28955006
28921588
28920268
28932871
28972539
28935782
28921852
28965577
28980505
28969698
28982560
28978932
28935777
28955204
28967759
28974934
28942100
28977290
28978240
28973348
28946437
28972236
28957761
28963597
28940545
28940387
28926616
28969704
28961319
28922124
28933135
28937787
28965998
28978543
28959242
28982821
28925503
28944204
28965608
28946642
28981868
28972498
28921461
28924583
28952847
28938240
28957237
28926198
28963057
28973853
28941574
28977335
28965598
28941135
28961575
28979070
28973490
28963049
28947582
28936846
28966178
28949017
28966974
28975188
28977870
28964335
28975254
28946070
28961907
28962894
28937461
28977161
28971814
28940889
28969012
28927981
28940748
28976468
28954700
28966409
28964358
28927319
28917567
28940078
28971599
28935629
28956023
28929462
28944552
28969441
28929932
28956221
28953828
28980670
28921116
28968517
28961766
28982345
28955295
28976151
28932622
28928022
28931963
28924464
28954988
28970412
28978845
28972326
28978779
28964258
28958579
28974636
28974760
28941941
28962880
28982916
28927544
28977947
28947138
28941140
28927999
28979776
28976668
28972461
28968697
28937167
28965445
28970100
28961994
28980862
28950688
28950592
28959329
28954487
28929917
28934286
28971944
28979204
28957407
28925472
28954435
28950765
28942429
28978761
28946972
28929301
28927093
28928290
28962850
28946415
28942442
28958885
28948208
28921364
28939706
28965238
28963580
28980440
28939694
28952830
28933299
28957908
28927304
28975752
28928526
28972889
28937751
28940028
28928829
28970552
28978717
28931072
28953348
28971044
28946048
28926435
28933879
28936688
28924309
28977082
28941205
28978236
28941839
28963955
28974694
28964035
28943409
28954851
28955283
28919121
28925660
28972734
28946164
28972253
28956136
28970647
28940536
28950988
28953038
28936660
28976217
28974947
28920630
28941888
28941464
28974957
28955423
28947787
28956974
28921020
28966697
28976947
28935054
28966790
28950445
28936181
28944396
28958079
28981233
28979872
28931415
28937277
28932608
28967843
28961197
28945720
28982490
28980325
28951209
28956274
28974199
28919740
28932612
28973285
28966392
28930611
28974776
28952304
28932682
28979345
28976488
28919299
28941991
28936080
28975038
28928749
28947411
28922330
28953218
28956856
28938088
28975884
28923176
28943148
28924440
28966338
28923925
28965539
28920240
28948243
28931348
28964200
28947459
28940671
28951419
28923352
28975046
28951557
28963630
28960094
28925915
28976114
28927340
28925301
28982583
28979592
28967986
28944233
28955045
28927856
28974980
28925677
28967856
28932526
28917350
28975932
28925495
28926276
28936787
28938092
28939856
28954031
28980638
28949060
28939920
28944638
28968408
28963993
28920823
28971392
28924900
28933682
28952351
28957989
28978840
28929635
28933829
28927662
28925439
28933374
28933275
28922768
28947374
28972549
28974544
28955574
28959322
28920150
28924843
28969240
28982227
28958237
28977966
28977696
28945329
28956581
28943986
28955042
28959294
28928484
28967170
28928397
28938114
28981386
28930913
28971001
28976044
28955371
28965099
28973691
28954789
28978553
28930401
28932566
28942263
28949092
28923526
28941329
28942171
28946695
28962422
28980408
28941954
28936434
28952167
28932843
28923405
28980233
28926070
28933442
28941020
28964671
28954623
28982396
28966936
28937889
28962892
28975965
28942245
28926371
28943934
28959808
28952671
28937041
28937432
28929726
28955536
28937636
28955564
28967663
28980745
28933822
28941549
28965648
28917841
28949504
28943693
28952048
28981390
28928752
28982538
28977705
28967870
28933996
28936615
28926093
28937515
28930808
28981359
28941328
28963308
28962700
28970315
28982685
28960184
28973579
28934175
28917391
28969948
28958464
28941410
28929452
28923907
28933209
28960424
28917020
28978772
28956979
28955683
28973809
28936659
28936081
28938872
28939836
28968785
28972491
28973056
28934355
28966689
28971168
28929727
28978096
28941906
28923814
28959234
28923252
28941192
28976462
28929716
28925908
28960944
28974008
28946026
28951323
28919556
28960836
28971120
28953198
28980079
28975355
28947500
28977115
28937615
28923010
28960469
28953523
28922934
28920627
28946341
28967082
28928946
28971069
28929266
28951302
28943987
28965683
28972147
28974697
28958849
28926974
28943558
28959784
28976954
28976394
28971550
28980944
28939986
28972246
28966812
28981599
28941928
28967262
28977564
28968822
28964592
28926083
28963062
28954952
28954493
28942487
28917004
28976275
28981961
28949282
28928278
28937126
28930268
28917590
28937061
28941169
28937959
28960971
28958332
28925833
28924018
28977653
28926731
28971706
28965939
28955412
28965105
28937387
28918539
28939067
28952736
28936703
28948226
28948276
28973915
28970246
28944317
28953258
28955358
28932257
28947747
28954676
28934762
28935907
28972977
28952213
28957365
28969216
28975861
28975684
28962247
28920968
28946901
28958039
28940444
28942983
28932186
28972113
28929069
28919221
28976702
28961101
28930301
28971403
28924348
28975374
28954923
28928156
28967794
28945095
28980964
28967219
28920696
28930796
28930771
28946507
28919409
28944772
28963386
28929986
28941071
28958980
28923838
28923340
28965432
28951711
28927961
28946739
28950529
28942472
28933711
28971663
28979325
28938141
28953827
28978152
28947071
28976218
28923566
28950298
28982755
28926655
28963705
28955858
28953602
28957669
28947366
28975318
28973144
28917106
28972460
28936667
28922693
28917961
28927964
28917257
28925909
28976828
28938471
28971110
28924659
28920963
28937366
28920208
28932143
28917617
28960261
28977654
28975599
28946880
28962775
28933451
28952399
28929457
28971405
28947705
28934271
28944493
28956180
28922227
28963348
28934378
28922492
28924709
28971463
28949736
28960048
28943962
28955997
28974487
28976010
28938584
28926530
28943898
28973391
28970476
28979036
28965613
28971767
28966895
28970524
28963005
28921161
28977370
28943619
28954978
28977980
28944722
28963997
28937816
28968646
28971703
28935989
28975108
28943486
28958131
28956006
28930819
28953795
28921303
28934500
28931495
28931836
28926950
28980072
28967279
28927165
28973186
28937283
28944825
28937006
28931532
28972783
28969942
28948720
28925685
28927372
28980731
28930338
28963770
28981982
28924155
28924469
28918895
28957957
28970489
28917442
28953308
28956553
28957845
28963590
28981422
28967633
28919232
28975169
28972089
28938805
28949824
28972377
28937429
28955944
28968711
28921938
28941039
28923115
28941768
28960615
28937944
28965257
28960481
28947014
28970080
28932616
28931548
28932080
28978091
28973190
28923527
28971347
28956087
28951949
28974279
28928209
28919993
28917386
28971162
28961864
28919338
28934131
28926804
28960159
28938753
28972302
28938709
28956283
28943396
28946706
28980751
28958802
28929867
28951087
28940787
28956918
28969660
28957421
28934646
28976236
28923938
28955289
28927622
28959362
28920657
28950505
28952474
28949809
28941403
28967436
28968634
28964195
28963838
28946046
28977283
28926029
28929906
28931574
28927733
28962585
28964857
28980305
28946058
28982493
28946395
28955747
28954849
28953590
28952973
28932724
28944099
28967020
28935971
28922946
28982239
28935558
28940137
28933270
28948817
28951234
28982978
28981666
28954244
28963427
28980384
28954431
28957660
28968545
28979447
28924555
28942582
28923080
28972721
28932571
28974159
28940500
28955929
28947886
28937416
28930530
28936042
28958151
28980458
28965626
28945036
28933883
28940835
28960447
28979861
28919696
28969218
28944821
28918033
28939439
28923458
28954281
28920970
28950459
28927041
28957544
28948753
28949365
28950179
28919517
28938241
28978382
28931856
28957611
28922796
28942939
28918491
28925331
28947696
28972102
28955980
28923317
28920105
28938163
28978341
28934358
28941633
28958564
28981115
28931890
28951660
28971631
28937633
28941024
28958693
28954903
28975828
28969688
28968998
28971259
28962948
28935814
28919283
28977580
28945422
28920583
28979841
28962188
28921845
28918971
28982810
28975665
28942284
28927092
28970753
28932427
28974434
28919713
28973325
28966950
28982511
28977735
28978014
28981934
28933309
28981413
28959553
28957023
28961111
28923981
28947218
28931321
28943469
28936401
28917653
28968787
28953724
28962494
28982467
28971066
28930396
28965481
28974545
28982552
28952241
28927290
28979293
28952774
28942822
28980101
28974235
28960500
28932111
28952221
28947345
28969272
28982432
28932591
28975039
28938373
28927803
28920962
28964692
28935796
28927203
28936744
28956680
28937965
28920717
28970754
28960791
28931566
28933520
28966361
28928807
28955579
28975138
28950858
28936536
28974390
28976208
28952702
28917569
28943487
28917765
28917672
28928784
28965465
28973946
28942202
28959835
28941722
28927387
28922781
28972119
28944819
28931538
28947806
28943807
28955217
28956097
28922826
28936482
28969117
28976068
28954277
28921322
28968453
28926603
28981330
28968986
28931898
28927204
28955508
28943076
28981683
28920939
28972428
28939406
28923559
28972837
28920321
28954858
28958698
28968302
28943031
28945199
28922187
28955284
28928398
28926500
28979010
28981851
28919195
28955136
28956378
28940989
28933110
28940262
28940328
28950340
28973380
28946464
28945247
28925127
28919428
28926493
28964283
28944597
28932882
28937537
28935520
28978837
28935694
28969065
28968316
28947012
28931670
28972675
28980230
28966156
28931025
28933669
28955073
28963739
28946871
28946874
28931456
28948404
28927867
28965136
28926755
28945394
28935592
28929944
28942521
28927167
28962128
28930736
28921377
28948228
28943357
28944408
28971513
28941858
28964017
28958338
28960580
28958447
28982848
28945414
28919891
28925236
28955014
28957871
28950118
28926414
28966939
28964404
28971568
28950672
28981774
28977185
28960844
28931443
28923201
28941376
28963193
28919342
28917945
28967818
28961020
28970605
28966136
28940054
28948935
28936629
28959604
28928166
28974078
28923456
28958538
28952637
28954458
28935365
28939366
28961329
28937573
28929951
28936054
28925843
28917931
28941570
28930014
28922694
28946738
28964066
28921375
28980099
28961364
28965014
28945155
28919157
28919599
28943620
28974218
28930420
28962226
28978775
28949537
28975526
28919280
28938835
28922800
28966461
28938100
28924342
28959533
28922520
28955996
28954034
28928098
28922346
28944760
28933000
28975168
28942361
28938205
28978385
28926713
28974136
28928231
28936487
28917220
28935459
28937030
28939577
28947023
28982569
28966324
28948056
28970195
28950057
28933884
28926299
28950887
28952586
28976872
28950995
28921168
28956727
28941736
28925293
28981819
28975187
28923228
28917611
28940832
28954058
28952713
28944074
28947447
28918387
28979058
28958775
28943296
28922165
28926659
28945962
28928077
28922750
28919789
28980716
28955903
28968246
28922017
28958632
28928635
28929255
28962558
28940537
28969702
28938273
28919586
28947527
28961047
28979450
28958505
28955923
28971197
28927090
28943855
28940174
28964150
28926428
28981409
28946500
28950827
28943367
28934772
28927609
28947724
28966650
28979171
28949501
28980588
28955405
28970319
28968896
28918798
28917343
28919392
28941025
28955002
28931324
28955789
28944860
28940240
28942229
28966526
28955957
28922226
28946461
28931935
28919243
28966122
28919092
28968879
28918528
28952543
28923547
28947337
28922273
28955334
28963516
28933559
28930055
28955300
28957312
28940303
28927646
28974210
28971937
28960168
28922982
28976883
28921975
28931482
28958565
28944000
28956724
28939538
28933592
28949235
28948474
28962108
28958619
28921713
28970185
28932845
28954183
28932409
28965068
28941623
28961649
28928941
28948353
28943398
28941811
28928198
28940126
28945627
28941786
28963001
28937073
28948621
28966393
28917650
28937731
28934304
28931464
28920418
28964349
28935973
28945260
28948294
28978559
28949277
28952182
28974017
28924639
28961847
28939715
28922754
28926948
28948068
28965121
28972471
28927518
28937287
28967223
28965302
28931357
28961837
28945012
28971694
28924721
28966254
28964564
28957443
28977020
28922959
28921665
28982934
28924904
28930084
28919948
28957548
28927410
28982224
28935165
28952834
28966709
28918526
28934975
28950874
28960539
28922778
28931664
28923167
28942283
28920998
28982631
28930584
28968797
28969708
28963158
28953099
28974566
28960482
28932118
28943903
28958360
28923750
28944762
28974399
28973471
28972760
28980025
28949389
28975930
28919226
28927727
28944235
28931429
28960491
28925321
28939549
28964451
28925171
28936946
28955939
28957090
28971875
28971145
28919311
28941556
28930834
28921953
28952325
28957161
28951432
28973277
28948865
28940610
28922535
28937557
28970458
28927579
28919169
28961424
28937619
28982695
28925201
28975294
28959893
28949680
28949615
28931588
28976801
28961899
28921143
28964114
28961733
28960809
28917441
28928315
28959540
28968325
28942899
28971921
28949740
28939092
28927102
28934086
28933899
28939409
28920569
28974429
28964730
28950345
28959537
28922901
28937594
28955065
28956623
28959421
28959609
28934116
28947689
28981170
28958229
28940937
28932291
28962431
28948978
28974489
28930994
28927510
28932681
28956133
28956012
28949125
28955019
28930549
28956008
28937480
28933710
28941163
28930298
28944282
28969682
28934827
28944338
28920676
28939810
28963117
28972416
28950092
28942547
28967988
28962003
28972702
28929896
28964608
28927868
28949950
28958504
28926740
28956562
28961086
28981996
28932868
28979027
28954241
28971612
28958049
28950919
28920022
28978425
28948218
28959115
28928616
28928399
28967771
28960088
28954558
28949896
28977604
28959720
28971444
28961193
28936240
28926507
28917388
28979911
28926635
28977034
28938091
28940004
28936019
28952616
28974324
28978163
28958978
28946514
28974079
28979667
28959985
28942109
28966641
28924310
28958166
28947346
28918462
28950507
28931151
28971167
28933705
28977669
28956851
28936558
28960817
28935858
28934423
28921836
28945668
28960272
28929299
28959848
28937849
28962195
28966809
28966564
28939514
28962353
28959814
28937183
28976061
28949619
28943979
28964925
28981027
28944543
28931714
28975587
28962602
28981877
28941743
28968805
28978432
28943347
28938576
28946726
28924004
28953572
28951824
28920192
28974090
28972660
28955645
28928513
28939752
28928069
28944887
28976542
28950485
28956045
28932152
28971156
28975050
28920790
28953096
28931102
28947114
28941471
28971126
28950435
28943938
28971705
28967824
28932656
28979573
28961201
28974426
28948636
28919910
28918116
28917558
28926038
28932204
28978148
28925766
28974073
28965491
28953657
28951975
28949743
28927534
28952064
28944844
28954418
28976804
28933776
28934200
28937213
28932281
28955426
28967055
28928778
28980431
28968177
28945224
28922192
28949312
28941765
28940087
28965863
28974480
28975572
28960411
28937179
28923258
28919540
28928474
28962125
28973706
28925354
28958298
28944879
28945927
28974739
28974574
28963780
28962286
28924602
28979606
28975426
28968861
28963581
28978225
28945637
28978727
28943480
28934224
28944982
28964929
28919296
28968276
28926425
28973746
28947526
28958555
28920586
28962566
28977952
28918780
28956541
28932348
28960908
28978828
28938147
28930528
28968128
28949412
28921877
28942346
28947151
28953872
28945755
28947628
28971954
28967970
28943760
28968078
28937641
28934205
28961301
28971442
28951058
28922205
28956150
28930924
28932460
28936876
28928162
28970137
28950198
28953970
28921213
28972851
28946749
28931095
28980691
28970778
28966078
28930669
28943044
28967705
28973025
28980781
28951027
28938630
28965615
28978129
28948929
28928256
28957755
28927082
28967252
28935698
28948408
28972520
28934981
28950135
28973726
28968876
28946965
28942108
28916971
28937867
28972138
28929916
28958013
28956318
28929694
28978462
28923210
28929368
28937768
28934656
28977349
28925703
28952346
28957069
28933256
28922580
28957946
28982584
28948593
28962766
28980902
28958606
28975615
28941151
28945506
28929622
28959613
28927040
28929044
28967380
28969221
28948643
28967098
28942067
28927522
28935775
28935108
28919511
28970433
28939381
28938552
28931022
28941372
28923986
28960505
28963042
28949803
28979176
28940461
28937513
28982495
28925960
28959060
28971704
28931468
28969293
28932817
28977689
28933456
28963603
28922967
28957721
28980878
28931629
28927929
28921406
28931047
28977590
28963133
28927275
28925376
28973039
28953585
28976774
28968806
28924033
28945386
28932951
28931932
28957089
28927241
28975537
28947654
28940122
28953686
28970206
28948588
28931131
28932487
28967607
28953267
28951428
28973306
28918089
28956625
28952143
28939448
28950962
28921749
28981374
28975643
28964406
28941648
28936057
28951183
28935117
28972944
28981144
28923166
28942401
28949212
28956448
28945952
28954309
28955651
28975470
28960989
28953597
28938459
28979342
28976081
28969440
28978286
28931206
28925231
28921275
28922494
28957712
28957154
28925316
28974576
28948102
28920382
28949317
28933888
28923642
28939089
28934508
28972821
28948826
28937442
28946931
28976644
28935060
28973060
28976298
28969384
28976632
28920784
28977533
28964566
28924746
28929444
28946845
28940417
28939494
28959573
28961918
28955705
28950063
28956813
28917440
28933113
28924174
28933981
28945906
28961110
28972915
28926079
28981628
28959752
28968655
28921968
28963148
28955992
28950790
28923816
28957101
28958055
28927076
28932999
28934609
28920944
28936823
28941252
28958251
28952552
28974114
28927166
28972122
28931302
28977389
28964060
28961544
28920337
28974754
28928685
28916973
28925295
28919627
28955181
28941870
28980810
28934435
28940364
28921927
28941665
28922705
28961635
28941862
28942076
28939262
28966988
28965276
28973952
28931621
28962474
28976995
28942387
28943086
28975009
28980444
28919459
28980102
28948287
28940391
28980437
28928025
28974162
28947424
28952249
28934537
28978982
28934978
28917213
28960973
28966898
28973877
28933997
28959011
28959761
28917404
28926497
28919176
28932225
28949349
28979930
28958786
28941610
28941712
28981151
28949253
28939860
28921826
28970735
28919612
28934816
28942179
28949439
28935257
28929487
28952633
28925110
28920515
28920196
28921149
28939002
28965135
28957584
28947487
28977193
28958176
28955885
28969470
28923384
28934264
28925961
28940946
28917005
28950228
28942187
28935480
28954268
28957648
28933389
28929511
28959959
28918159
28962800
28974331
28921901
28981089
28940128
28960990
28978183
28940330
28956786
28951669
28960729
28973684
28931679
28978871
28928115
28971418
28927037
28943837
28943167
28944668
28953767
28934572
28955700
28951592
28934962
28935991
28930755
28961077
28935240
28980361
28952717
28917965
28968524
28931832
28939778
28969321
28981019
28966904
28976075
28945779
28976393
28920455
28967789
28952267
28973605
28981208
28926764
28954806
28963271
28935188
28949786
28942418
28948032
28979518
28929075
28943218
28970601
28978910
28932872
28950602
28979224
28923318
28932916
28946075
28974834
28936354
28953601
